# callgrind format
version: 1
creator: callgrind-3.15.0
pid: 8852
cmd:  ./full_code.out
part: 1


desc: I1 cache: 
desc: D1 cache: 
desc: LL cache: 

desc: Timerange: Basic block 0 - 34158
desc: Trigger: Program termination

positions: instr line
events: Ir
summary: 52153


ob=(5) /home/arunkrishna/EE5332/baseCPP/full_code.out
fl=(111) ???
fn=(390) amultb(float*, int, int, float*, int, int, float*, int, int)
0x16ff 0 5
+4 0 5
+1 0 5
+3 0 5
+4 0 5
+4 0 5
+3 0 5
+3 0 5
+4 0 5
+4 0 5
+4 0 5
+3 0 5
+3 0 5

ob=(1) /usr/lib/x86_64-linux-gnu/ld-2.31.so
fl=(1) ???
fn=(0) 0x0000000000001100
cob=(5)
cfi=(111)
cfn=(348) _start
calls=1 0x10e0 0 
0x1144 0 52153

ob=(3) /usr/lib/x86_64-linux-gnu/libc-2.31.so
fl=(112) /build/glibc-sMfBJT/glibc-2.31/csu/../csu/libc-start.c
fn=(350) (below main)
cob=(5)
cfi=(111)
cfn=(376) main
calls=1 0x243d 0 
0x240b1 308 52153

ob=(5)
fl=(111)
fn=(390)
0x1729 0 5
+3 0 5
+3 0 5
+2 0 5
+3 0 5
+3 0 5
jcnd=5/5 +29 0 
* 0 
+29 0 5
+7 0 5
+3 0 5
+3 0 5
-6 0 26
+3 0 26
+3 0 26
jcnd=5/26 0x1863 0 
* 0 
+6 0 26
+7 0 26
+3 0 26
+3 0 26
-6 0 124
+3 0 124
+3 0 124
jcnd=26/124 0x185a 0 
* 0 
+6 0 124
+3 0 124
+4 0 124
+2 0 124
+3 0 124
+2 0 124
+2 0 124
+8 0 124
+4 0 124
+3 0 124
+4 0 124
+4 0 124
+7 0 124
+3 0 124
+3 0 124
-6 0 552
+3 0 552
+3 0 552
jcnd=124/552 0x1851 0 
* 0 
+6 0 552
+3 0 552
+4 0 552
+2 0 552
+3 0 552
+2 0 552
+2 0 552
+8 0 552
+4 0 552
+3 0 552
+4 0 552
+3 0 552
+4 0 552
+2 0 552
+3 0 552
+2 0 552
+2 0 552
+8 0 552
+4 0 552
+3 0 552
+4 0 552
+3 0 552
+4 0 552
+2 0 552
+3 0 552
+2 0 552
+2 0 552
+8 0 552
+4 0 552
+3 0 552
+4 0 552
+4 0 552
+3 0 552
+4 0 552
+2 0 552
+3 0 552
+2 0 552
+2 0 552
+8 0 552
+4 0 552
+3 0 552
+4 0 552
+4 0 552
+4 0 552
jump=552 0x17a8 0 
* 0 
+5 0 124
+4 0 124
jump=124 0x176e 0 
* 0 
+5 0 26
+4 0 26
jump=26 0x175b 0 
* 0 
+5 0 5
+1 0 5
+1 0 5

fn=(404) covarianceUpdate(float*, float*, float*)
0x227a 0 1
+4 0 1
+1 0 1
+3 0 1
+7 0 1
+7 0 1
+7 0 1
+7 0 1
+9 0 1
+4 0 1
+2 0 1
+7 0 1
+7 0 1
+4 0 1
+2 0 1
+2 0 1
+6 0 1
+6 0 1
+6 0 1
+3 0 1
+5 0 1
+5 0 1
+3 0 1
cfn=(390)
calls=1 0x16ff 0 
* 0 4184
+5 0 1
+4 0 1
+7 0 1
+7 0 1
+4 0 1
+2 0 1
+2 0 1
+6 0 1
+6 0 1
+6 0 1
+3 0 1
+5 0 1
+5 0 1
+3 0 1
cfn=(390)
calls=1 0x16ff 0 
* 0 10952
+5 0 1
+4 0 1
+7 0 1
+7 0 1
+4 0 1
+2 0 1
+2 0 1
+7 0 1
+1 0 1
+6 0 1
+6 0 1
+3 0 1
+5 0 1
+5 0 1
+3 0 1
cfn=(406) submats(float*, int, int, float*, int, int, float*, int, int)
calls=1 0x1964 0 
* 0 1379
+5 0 1
+4 0 1
+1 0 1
+4 0 1
+9 0 1
jcnd=1/1 +7 0 
* 0 
+7 0 1
+1 0 1

fn=(386) covariancePredictor(float*, float*, float*)
0x1ef9 0 1
+4 0 1
+1 0 1
+3 0 1
+7 0 1
+7 0 1
+7 0 1
+7 0 1
+9 0 1
+4 0 1
+2 0 1
+7 0 1
+7 0 1
+4 0 1
+2 0 1
+2 0 1
+6 0 1
+6 0 1
+6 0 1
+3 0 1
+5 0 1
+5 0 1
+3 0 1
cfn=(388) amultbtrans(float*, int, int, float*, int, int, float*, int, int)
calls=1 0x1598 0 
* 0 10952
+5 0 1
+4 0 1
+7 0 1
+7 0 1
+4 0 1
+2 0 1
+2 0 1
+7 0 1
+1 0 1
+6 0 1
+6 0 1
+3 0 1
+5 0 1
+5 0 1
+3 0 1
cfn=(390)
calls=1 0x16ff 0 
* 0 10952
+5 0 1
+4 0 1
+7 0 1
+7 0 1
+4 0 1
+2 0 1
+2 0 1
+6 0 1
+6 0 1
+6 0 1
+3 0 1
+5 0 1
+5 0 1
+3 0 1
cfn=(392) addmats(float*, int, int, float*, int, int, float*, int, int)
calls=1 0x1866 0 
* 0 1379
+5 0 1
+4 0 1
+1 0 1
+4 0 1
+9 0 1
jcnd=1/1 +7 0 
* 0 
+7 0 1
+1 0 1

fn=(402) stateUpdate(float*, float*, float*)
0x21e4 0 1
+4 0 1
+1 0 1
+3 0 1
+4 0 1
+4 0 1
+4 0 1
+4 0 1
+9 0 1
+4 0 1
+2 0 1
+4 0 1
+4 0 1
+4 0 1
+4 0 1
+2 0 1
+3 0 1
+6 0 1
+5 0 1
+5 0 1
+3 0 1
cfn=(382) matmultvec(float*, int, float*, int, int, float*, int)
calls=1 0x1308 0 
* 0 539
+5 0 1
+4 0 1
+4 0 1
+4 0 1
+4 0 1
+6 0 1
+3 0 1
+5 0 1
+5 0 1
+3 0 1
cfn=(384) addvecs(float*, int, float*, int, float*, int)
calls=1 0x1436 0 
* 0 167
+5 0 1
+1 0 1
+4 0 1
+9 0 1
jcnd=1/1 +7 0 
* 0 
+7 0 1
+1 0 1

fn=(378) kalmanIterate(float*, float*, float*, float*, float*, float*, float*, float*, float*, float*, float*)
0x2389 0 1
+4 0 1
+1 0 1
+3 0 1
+4 0 1
+4 0 1
+4 0 1
+4 0 1
+4 0 1
+4 0 1
+4 0 1
+4 0 1
+4 0 1
+4 0 1
+4 0 1
+3 0 1
cfn=(380) statePredictor(float*, float*, float*, float*)
calls=1 0x1e2e 0 
* 0 2975
+5 0 1
+4 0 1
+4 0 1
+4 0 1
+3 0 1
+3 0 1
cfn=(386)
calls=1 0x1ef9 0 
* 0 23342
+5 0 1
+4 0 1
+4 0 1
+4 0 1
+4 0 1
+3 0 1
cfn=(394) measurementResidual(float*, float*, float*, float*)
calls=1 0x2008 0 
* 0 584
+5 0 1
+4 0 1
+4 0 1
+4 0 1
+4 0 1
+3 0 1
cfn=(398) kalmangainCalculator(float*, float*, float*, float*)
calls=1 0x20a2 0 
* 0 7605
+5 0 1
+4 0 1
+4 0 1
+4 0 1
+3 0 1
+3 0 1
cfn=(402)
calls=1 0x21e4 0 
* 0 743
+5 0 1
+4 0 1
+4 0 1
+4 0 1
+3 0 1
+3 0 1
cfn=(404)
calls=1 0x227a 0 
* 0 16574
+5 0 1
+1 0 1
+1 0 1

fn=(380)
0x1e2e 0 1
+4 0 1
+1 0 1
+3 0 1
+4 0 1
+4 0 1
+4 0 1
+4 0 1
+4 0 1
+9 0 1
+4 0 1
+2 0 1
+4 0 1
+4 0 1
+4 0 1
+4 0 1
+2 0 1
+3 0 1
+6 0 1
+5 0 1
+5 0 1
+3 0 1
cfn=(382)
calls=1 0x1308 0 
* 0 1379
+5 0 1
+4 0 1
+4 0 1
+4 0 1
+4 0 1
+4 0 1
+2 0 1
+3 0 1
+6 0 1
+5 0 1
+5 0 1
+3 0 1
cfn=(382)
calls=1 0x1308 0 
* 0 1379
+5 0 1
+4 0 1
+4 0 1
+4 0 1
+4 0 1
+6 0 1
+3 0 1
+5 0 1
+5 0 1
+3 0 1
cfn=(384)
calls=1 0x1436 0 
* 0 167
+5 0 1
+1 0 1
+4 0 1
+9 0 1
jcnd=1/1 +7 0 
* 0 
+7 0 1
+1 0 1

fn=(348)
cob=(3)
cfi=(112)
cfn=(350)
calls=1 0x23fc0 137 
0x1108 0 52153

fn=(392)
0x1866 0 2
+4 0 2
+1 0 2
+3 0 2
+4 0 2
+4 0 2
+3 0 2
+3 0 2
+4 0 2
+4 0 2
+4 0 2
+3 0 2
+3 0 2
+2 0 2
+3 0 2
+3 0 2
+2 0 2
+3 0 2
+3 0 2
+2 0 2
+3 0 2
+3 0 2
jcnd=2/2 +29 0 
* 0 
+29 0 2
+7 0 2
+3 0 2
+3 0 2
-6 0 8
+3 0 8
+3 0 8
jcnd=2/8 0x1961 0 
* 0 
+6 0 8
+7 0 8
+3 0 8
+3 0 8
-6 0 40
+3 0 40
+3 0 40
jcnd=8/40 0x1958 0 
* 0 
+2 0 40
+3 0 40
+4 0 40
+2 0 40
+3 0 40
+2 0 40
+2 0 40
+8 0 40
+4 0 40
+3 0 40
+4 0 40
+3 0 40
+4 0 40
+2 0 40
+3 0 40
+2 0 40
+2 0 40
+8 0 40
+4 0 40
+3 0 40
+4 0 40
+3 0 40
+4 0 40
+2 0 40
+3 0 40
+2 0 40
+2 0 40
+8 0 40
+4 0 40
+3 0 40
+4 0 40
+4 0 40
+4 0 40
jump=40 0x18dd 0 
* 0 
+2 0 8
+4 0 8
jump=8 0x18ca 0 
* 0 
+5 0 2
+1 0 2
+1 0 2

fn=(394)
0x2008 0 1
+4 0 1
+1 0 1
+3 0 1
+4 0 1
+4 0 1
+4 0 1
+4 0 1
+4 0 1
+9 0 1
+4 0 1
+2 0 1
+4 0 1
+4 0 1
+4 0 1
+4 0 1
+2 0 1
+3 0 1
+6 0 1
+5 0 1
+5 0 1
+3 0 1
cfn=(382)
calls=1 0x1308 0 
* 0 475
+5 0 1
+4 0 1
+4 0 1
+4 0 1
+4 0 1
+6 0 1
+3 0 1
+5 0 1
+5 0 1
+3 0 1
cfn=(396) subvecs(float*, int, float*, int, float*, int)
calls=1 0x14e7 0 
* 0 71
+5 0 1
+1 0 1
+4 0 1
+9 0 1
jcnd=1/1 +7 0 
* 0 
+7 0 1
+1 0 1

fn=(396)
0x14e7 0 1
+4 0 1
+1 0 1
+3 0 1
+4 0 1
+4 0 1
+3 0 1
+4 0 1
+3 0 1
+4 0 1
+4 0 1
+3 0 1
+3 0 1
+2 0 1
+3 0 1
+3 0 1
jcnd=1/1 +29 0 
* 0 
+29 0 1
+7 0 1
+3 0 1
+3 0 1
-6 0 2
+3 0 2
+3 0 2
jcnd=1/2 +84 0 
* 0 
+2 0 2
+3 0 2
+2 0 2
+8 0 2
+4 0 2
+3 0 2
+4 0 2
+3 0 2
+2 0 2
+8 0 2
+4 0 2
+3 0 2
+4 0 2
+3 0 2
+2 0 2
+8 0 2
+4 0 2
+3 0 2
+4 0 2
+4 0 2
+4 0 2
jump=2 -88 0 
* 0 
+2 0 1
+1 0 1
+1 0 1

fn=(400) inversemat(float*, int, float*, int)
0x1a62 0 1
+4 0 1
+1 0 1
+3 0 1
+7 0 1
+4 0 1
+3 0 1
+7 0 1
+3 0 1
+9 0 1
+4 0 1
+2 0 1
+3 0 1
+3 0 1
jcnd=1/1 +29 0 
* 0 
+29 0 1
+3 0 1
+3 0 1
+7 0 1
+3 0 1
+3 0 1
-6 0 2
+3 0 2
+3 0 2
jcnd=1/2 0x1b63 0 
* 0 
+6 0 2
+7 0 2
+3 0 2
+2 0 2
+3 0 2
-8 0 8
+3 0 8
+2 0 8
+3 0 8
jcnd=2/8 0x1b5a 0 
* 0 
+2 0 8
+3 0 8
+3 0 8
jcnd=4/8 +64 0 
* 0 
+2 0 4
+3 0 4
+4 0 4
+2 0 4
+3 0 4
+2 0 4
+2 0 4
+8 0 4
+7 0 4
+3 0 4
+4 0 4
+3 0 4
+2 0 4
+3 0 4
+3 0 4
+4 0 4
+3 0 4
+6 0 4
+3 0 4
+3 0 4
+2 0 4
+3 0 4
jcnd=4/4 +34 0 
* 0 
-11 0 4
+3 0 4
+3 0 4
+2 0 4
+3 0 4
jcnd=2/4 +34 0 
* 0 
+2 0 2
+3 0 2
+2 0 2
+3 0 2
+3 0 2
+4 0 2
+3 0 2
+8 0 2
+6 0 2
+4 0 2
jump=2 0x1ad4 0 
* 0 
-4 0 6
+4 0 6
jump=6 0x1ad4 0 
* 0 
+5 0 2
+4 0 2
jump=2 0x1ac1 0 
* 0 
+5 0 1
+3 0 1
+3 0 1
+3 0 1
+4 0 1
-4 0 1
+4 0 1
jcnd=1/1 0x1c3a 0 
* 0 
+6 0 1
+3 0 1
+3 0 1
+2 0 1
+4 0 1
+3 0 1
+4 0 1
+4 0 1
+3 0 1
+2 0 1
+4 0 1
+3 0 1
+4 0 1
+4 0 1
+3 0 1
jcnd=1/1 0x1c31 0 
* 0 
0x1c31 0 1
+4 0 1
jump=1 0x1b6c 0 
* 0 
+5 0 1
+7 0 1
+3 0 1
+3 0 1
-6 0 2
+3 0 2
+3 0 2
jcnd=1/2 0x1d26 0 
* 0 
+6 0 2
+7 0 2
+3 0 2
+3 0 2
-6 0 4
+3 0 4
+3 0 4
jcnd=2/4 0x1d1d 0 
* 0 
+6 0 4
+3 0 4
+3 0 4
jcnd=2/4 0x1d14 0 
* 0 
+6 0 2
+3 0 2
+2 0 2
+3 0 2
+3 0 2
+4 0 2
+3 0 2
+6 0 2
+3 0 2
+3 0 2
+3 0 2
+4 0 2
+3 0 2
+4 0 2
+3 0 2
+4 0 2
+4 0 2
+4 0 2
+5 0 2
+7 0 2
+3 0 2
+2 0 2
+3 0 2
-8 0 8
+3 0 8
+2 0 8
+3 0 8
jcnd=2/8 +89 0 
* 0 
+2 0 8
+3 0 8
+2 0 8
+3 0 8
+3 0 8
+4 0 8
+3 0 8
+6 0 8
+3 0 8
+2 0 8
+3 0 8
+3 0 8
+4 0 8
+3 0 8
+6 0 8
+5 0 8
+4 0 8
+3 0 8
+2 0 8
+3 0 8
+3 0 8
+4 0 8
+3 0 8
+6 0 8
+4 0 8
jump=8 -95 0 
* 0 
+2 0 4
+4 0 4
jump=4 0x1c54 0 
* 0 
+5 0 2
+4 0 2
jump=2 0x1c41 0 
* 0 
+5 0 1
+7 0 1
+3 0 1
+3 0 1
-6 0 2
+3 0 2
+3 0 2
jcnd=1/2 0x1dab 0 
* 0 
+2 0 2
+3 0 2
+3 0 2
+3 0 2
+4 0 2
+3 0 2
+4 0 2
+3 0 2
+4 0 2
+4 0 2
+5 0 2
+7 0 2
+3 0 2
+2 0 2
+3 0 2
-8 0 8
+3 0 8
+2 0 8
+3 0 8
jcnd=2/8 +61 0 
* 0 
+2 0 8
+3 0 8
+2 0 8
+3 0 8
+3 0 8
+4 0 8
+3 0 8
+6 0 8
+5 0 8
+3 0 8
+2 0 8
+3 0 8
+3 0 8
+4 0 8
+3 0 8
+6 0 8
+4 0 8
jump=8 -67 0 
* 0 
+2 0 2
+4 0 2
jump=2 0x1d2d 0 
* 0 
+2 0 1
+7 0 1
+3 0 1
+3 0 1
-6 0 2
+3 0 2
+3 0 2
jcnd=1/2 +95 0 
* 0 
+2 0 2
+7 0 2
+3 0 2
+3 0 2
-6 0 4
+3 0 4
+3 0 4
jcnd=2/4 +74 0 
* 0 
+2 0 4
+3 0 4
+3 0 4
+3 0 4
+3 0 4
+4 0 4
+2 0 4
+3 0 4
+2 0 4
+2 0 4
+8 0 4
+4 0 4
+3 0 4
+3 0 4
+3 0 4
+3 0 4
+4 0 4
+3 0 4
+6 0 4
+4 0 4
+4 0 4
jump=4 -78 0 
* 0 
+2 0 2
+4 0 2
jump=2 -99 0 
* 0 
+2 0 1
+1 0 1
+4 0 1
+9 0 1
jcnd=1/1 +7 0 
* 0 
+7 0 1
+1 0 1

fn=(406)
0x1964 0 1
+4 0 1
+1 0 1
+3 0 1
+4 0 1
+4 0 1
+3 0 1
+3 0 1
+4 0 1
+4 0 1
+4 0 1
+3 0 1
+3 0 1
+2 0 1
+3 0 1
+3 0 1
+2 0 1
+3 0 1
+3 0 1
+2 0 1
+3 0 1
+3 0 1
jcnd=1/1 +29 0 
* 0 
+29 0 1
+7 0 1
+3 0 1
+3 0 1
-6 0 6
+3 0 6
+3 0 6
jcnd=1/6 0x1a5f 0 
* 0 
+6 0 6
+7 0 6
+3 0 6
+3 0 6
-6 0 36
+3 0 36
+3 0 36
jcnd=6/36 0x1a56 0 
* 0 
+2 0 36
+3 0 36
+4 0 36
+2 0 36
+3 0 36
+2 0 36
+2 0 36
+8 0 36
+4 0 36
+3 0 36
+4 0 36
+3 0 36
+4 0 36
+2 0 36
+3 0 36
+2 0 36
+2 0 36
+8 0 36
+4 0 36
+3 0 36
+4 0 36
+3 0 36
+4 0 36
+2 0 36
+3 0 36
+2 0 36
+2 0 36
+8 0 36
+4 0 36
+3 0 36
+4 0 36
+4 0 36
+4 0 36
jump=36 0x19db 0 
* 0 
+2 0 6
+4 0 6
jump=6 0x19c8 0 
* 0 
+5 0 1
+1 0 1
+1 0 1

fn=(388)
0x1598 0 2
+4 0 2
+1 0 2
+3 0 2
+4 0 2
+4 0 2
+3 0 2
+3 0 2
+4 0 2
+4 0 2
+4 0 2
+3 0 2
+3 0 2
+2 0 2
+3 0 2
+3 0 2
+2 0 2
+3 0 2
+3 0 2
jcnd=2/2 +29 0 
* 0 
+29 0 2
+7 0 2
+3 0 2
+3 0 2
-6 0 12
+3 0 12
+3 0 12
jcnd=2/12 0x16fc 0 
* 0 
+6 0 12
+7 0 12
+3 0 12
+3 0 12
-6 0 48
+3 0 48
+3 0 48
jcnd=12/48 0x16f3 0 
* 0 
+6 0 48
+3 0 48
+4 0 48
+2 0 48
+3 0 48
+2 0 48
+2 0 48
+8 0 48
+4 0 48
+3 0 48
+4 0 48
+4 0 48
+7 0 48
+3 0 48
+3 0 48
-6 0 288
+3 0 288
+3 0 288
jcnd=48/288 0x16ea 0 
* 0 
+6 0 288
+3 0 288
+4 0 288
+2 0 288
+3 0 288
+2 0 288
+2 0 288
+8 0 288
+4 0 288
+3 0 288
+4 0 288
+3 0 288
+4 0 288
+2 0 288
+3 0 288
+2 0 288
+2 0 288
+8 0 288
+4 0 288
+3 0 288
+4 0 288
+3 0 288
+4 0 288
+2 0 288
+3 0 288
+2 0 288
+2 0 288
+8 0 288
+4 0 288
+3 0 288
+4 0 288
+4 0 288
+3 0 288
+4 0 288
+2 0 288
+3 0 288
+2 0 288
+2 0 288
+8 0 288
+4 0 288
+3 0 288
+4 0 288
+4 0 288
+4 0 288
jump=288 0x1641 0 
* 0 
+5 0 48
+4 0 48
jump=48 0x1607 0 
* 0 
+5 0 12
+4 0 12
jump=12 0x15f4 0 
* 0 
+5 0 2
+1 0 2
+1 0 2

fn=(376)
0x243d 0 1
+4 0 1
+1 0 1
+3 0 1
+7 0 1
+9 0 1
+4 0 1
+2 0 1
+4 0 1
+8 0 1
+4 0 1
+8 0 1
+4 0 1
+8 0 1
+4 0 1
+8 0 1
+4 0 1
+8 0 1
+4 0 1
+8 0 1
+4 0 1
+8 0 1
+4 0 1
+8 0 1
+4 0 1
+8 0 1
+4 0 1
+8 0 1
+4 0 1
+8 0 1
+4 0 1
+8 0 1
+7 0 1
+5 0 1
+5 0 1
+3 0 1
jump=1 * 0 
* 0 
* 0 18
jcnd=17/18 * 0 
* 0 
+3 0 1
+8 0 1
+8 0 1
+8 0 1
+8 0 1
+8 0 1
+8 0 1
+8 0 1
+8 0 1
+8 0 1
+8 0 1
+8 0 1
+8 0 1
+8 0 1
+8 0 1
+8 0 1
+8 0 1
+8 0 1
+8 0 1
+8 0 1
+8 0 1
+8 0 1
+8 0 1
+4 0 1
+8 0 1
+4 0 1
+8 0 1
+4 0 1
+8 0 1
+4 0 1
+8 0 1
+8 0 1
+8 0 1
+8 0 1
+8 0 1
+4 0 1
+8 0 1
+4 0 1
+8 0 1
+4 0 1
+8 0 1
+4 0 1
+8 0 1
+4 0 1
+8 0 1
+8 0 1
+8 0 1
+4 0 1
+8 0 1
+4 0 1
+8 0 1
+4 0 1
+8 0 1
+4 0 1
+8 0 1
+4 0 1
+8 0 1
+4 0 1
+8 0 1
+8 0 1
+8 0 1
+8 0 1
+8 0 1
+8 0 1
+8 0 1
+4 0 1
+8 0 1
+4 0 1
+8 0 1
+4 0 1
+8 0 1
+4 0 1
+8 0 1
+8 0 1
+8 0 1
+8 0 1
+8 0 1
+4 0 1
+8 0 1
+4 0 1
+8 0 1
+4 0 1
+8 0 1
+4 0 1
+8 0 1
+4 0 1
+8 0 1
+8 0 1
+8 0 1
+8 0 1
+8 0 1
+8 0 1
+8 0 1
+8 0 1
+8 0 1
+4 0 1
+8 0 1
+4 0 1
+8 0 1
+4 0 1
+8 0 1
+8 0 1
+8 0 1
+8 0 1
+8 0 1
+8 0 1
+8 0 1
+4 0 1
+8 0 1
+4 0 1
+8 0 1
+4 0 1
+8 0 1
+8 0 1
+8 0 1
+8 0 1
+8 0 1
+8 0 1
+8 0 1
+4 0 1
+8 0 1
+4 0 1
+8 0 1
+4 0 1
+8 0 1
+4 0 1
+8 0 1
+4 0 1
+8 0 1
+4 0 1
+8 0 1
+8 0 1
+8 0 1
+8 0 1
+8 0 1
+8 0 1
+8 0 1
+4 0 1
+8 0 1
+4 0 1
+8 0 1
+4 0 1
+8 0 1
+8 0 1
+8 0 1
+8 0 1
+8 0 1
+8 0 1
+8 0 1
+4 0 1
+8 0 1
+4 0 1
+8 0 1
+4 0 1
+8 0 1
+8 0 1
+8 0 1
+8 0 1
+8 0 1
+8 0 1
+8 0 1
+7 0 1
+5 0 1
+5 0 1
+3 0 1
jump=1 * 0 
* 0 
* 0 18
jcnd=17/18 * 0 
* 0 
+3 0 1
+8 0 1
+8 0 1
+4 0 1
+8 0 1
+4 0 1
+8 0 1
+8 0 1
+8 0 1
+11 0 1
+11 0 1
+11 0 1
+11 0 1
+11 0 1
+11 0 1
+8 0 1
+8 0 1
+8 0 1
+8 0 1
+7 0 1
+7 0 1
+7 0 1
+7 0 1
+7 0 1
+7 0 1
+4 0 1
+7 0 1
+1 0 1
+7 0 1
+1 0 1
+7 0 1
+1 0 1
+7 0 1
+1 0 1
+7 0 1
+1 0 1
+3 0 1
cfn=(378)
calls=1 0x2389 0 
* 0 51872
+5 0 1
+4 0 1
+5 0 1
+4 0 1
+9 0 1
jcnd=1/1 +7 0 
* 0 
+7 0 1
+1 0 1

fn=(382)
0x1308 0 4
+4 0 4
+1 0 4
+3 0 4
+4 0 4
+4 0 4
+3 0 4
+4 0 4
+3 0 4
+4 0 4
+4 0 4
+3 0 4
+3 0 4
jcnd=4/4 +29 0 
* 0 
+29 0 4
+3 0 4
+3 0 4
jcnd=4/4 +29 0 
* 0 
+29 0 4
+7 0 4
+3 0 4
+3 0 4
-6 0 20
+3 0 20
+3 0 20
jcnd=4/20 0x1433 0 
* 0 
+6 0 20
+3 0 20
+2 0 20
+8 0 20
+4 0 20
+3 0 20
+4 0 20
+4 0 20
+7 0 20
+3 0 20
+3 0 20
-6 0 96
+3 0 96
+3 0 96
jcnd=20/96 0x142a 0 
* 0 
+2 0 96
+3 0 96
+2 0 96
+8 0 96
+4 0 96
+3 0 96
+4 0 96
+3 0 96
+4 0 96
+2 0 96
+3 0 96
+2 0 96
+2 0 96
+8 0 96
+4 0 96
+3 0 96
+4 0 96
+3 0 96
+2 0 96
+8 0 96
+4 0 96
+3 0 96
+4 0 96
+4 0 96
+3 0 96
+2 0 96
+8 0 96
+4 0 96
+3 0 96
+4 0 96
+4 0 96
+4 0 96
jump=96 0x13a6 0 
* 0 
+5 0 20
+4 0 20
jump=20 0x1377 0 
* 0 
+5 0 4
+1 0 4
+1 0 4

fn=(384)
0x1436 0 2
+4 0 2
+1 0 2
+3 0 2
+4 0 2
+4 0 2
+3 0 2
+4 0 2
+3 0 2
+4 0 2
+4 0 2
+3 0 2
+3 0 2
+2 0 2
+3 0 2
+3 0 2
jcnd=2/2 +29 0 
* 0 
+29 0 2
+7 0 2
+3 0 2
+3 0 2
-6 0 12
+3 0 12
+3 0 12
jcnd=2/12 +84 0 
* 0 
+2 0 12
+3 0 12
+2 0 12
+8 0 12
+4 0 12
+3 0 12
+4 0 12
+3 0 12
+2 0 12
+8 0 12
+4 0 12
+3 0 12
+4 0 12
+3 0 12
+2 0 12
+8 0 12
+4 0 12
+3 0 12
+4 0 12
+4 0 12
+4 0 12
jump=12 -88 0 
* 0 
+2 0 2
+1 0 2
+1 0 2

fn=(398)
0x20a2 0 1
+4 0 1
+1 0 1
+3 0 1
+4 0 1
+4 0 1
+4 0 1
+4 0 1
+4 0 1
+9 0 1
+4 0 1
+2 0 1
+4 0 1
+4 0 1
+4 0 1
+2 0 1
+2 0 1
+3 0 1
+6 0 1
+6 0 1
+3 0 1
+5 0 1
+5 0 1
+3 0 1
cfn=(388)
calls=1 0x1598 0 
* 0 3704
+5 0 1
+4 0 1
+4 0 1
+4 0 1
+4 0 1
+2 0 1
+2 0 1
+4 0 1
+1 0 1
+6 0 1
+6 0 1
+3 0 1
+5 0 1
+5 0 1
+3 0 1
cfn=(390)
calls=1 0x16ff 0 
* 0 1252
+5 0 1
+4 0 1
+4 0 1
+4 0 1
+4 0 1
+2 0 1
+2 0 1
+4 0 1
+1 0 1
+6 0 1
+6 0 1
+3 0 1
+5 0 1
+5 0 1
+3 0 1
cfn=(392)
calls=1 0x1866 0 
* 0 191
+5 0 1
+4 0 1
+4 0 1
+4 0 1
+5 0 1
+5 0 1
+3 0 1
cfn=(400)
calls=1 0x1a62 0 
* 0 928
+5 0 1
+4 0 1
+4 0 1
+4 0 1
+2 0 1
+2 0 1
+4 0 1
+1 0 1
+6 0 1
+6 0 1
+3 0 1
+5 0 1
+5 0 1
+3 0 1
cfn=(390)
calls=1 0x16ff 0 
* 0 1448
+5 0 1
+4 0 1
+1 0 1
+4 0 1
+9 0 1
jcnd=1/1 +7 0 
* 0 
+7 0 1
+1 0 1

totals: 52153
