# callgrind format
version: 1
creator: callgrind-3.15.0
pid: 23564
cmd:  ./eigen.out
part: 1


desc: I1 cache: 
desc: D1 cache: 
desc: LL cache: 

desc: Timerange: Basic block 0 - 379033
desc: Trigger: Program termination

positions: instr line
events: Ir
summary: 9124


ob=(2) ???
fl=(18) ???
fn=(1278) 0x0000000000109110
0x109110 0 1
+4 0 1
cob=(3) /usr/lib/x86_64-linux-gnu/libc-2.31.so
cfi=(159) /build/glibc-sMfBJT/glibc-2.31/assert/assert.c
cfn=(1280) __assert_fail
calls=1 0x33fc0 100 
* 0 6047

fn=(1374) 0x0000000004a994e0
0x4a994e0 0 1
+4 0 1
cob=(3)
cfi=(164) /build/glibc-sMfBJT/glibc-2.31/string/../sysdeps/x86_64/multiarch/strcpy-avx2.S
cfn=(1376) __strcpy_avx2
calls=1 0x189b20 50 
* 0 114

fn=(1300) 0x0000000004a99330
0x4a99330 0 5
+4 0 5
cob=(3)
cfi=(133) /build/glibc-sMfBJT/glibc-2.31/malloc/malloc.c
cfn=(1302) free
calls=5 0x9a700 3087 
* 0 338

fn=(1310) 0x0000000004a99310
0x4a99310 0 4
+4 0 4
cob=(3)
cfi=(133)
cfn=(512) malloc
calls=4 0x9a110 3023 
* 0 738

fn=(1334) 0x0000000004a994d0
0x4a994d0 0 3
+4 0 3
cob=(3)
cfi=(165) /build/glibc-sMfBJT/glibc-2.31/string/../sysdeps/x86_64/multiarch/memmove-vec-unaligned-erms.S
cfn=(1298) __memcpy_avx_unaligned_erms
calls=3 0x18b5f0 225 
* 0 142

fn=(1294) 0x0000000004a995a0
0x4a995a0 0 7
+4 0 7
cob=(3)
cfi=(165)
cfn=(1296) __mempcpy_avx_unaligned_erms
calls=7 0x18b5d0 212 
* 0 166

fn=(1338) 0x0000000004a99560
0x4a99560 0 2
+4 0 2
cob=(3)
cfi=(174) /build/glibc-sMfBJT/glibc-2.31/string/../sysdeps/x86_64/multiarch/memset-vec-unaligned-erms.S
cfn=(1340) __memset_avx2_unaligned_erms
calls=2 0x18ba70 167 
* 0 70

fn=(1290) 0x0000000004a993b0
0x4a993b0 0 1
+4 0 1
cob=(3)
cfi=(164)
cfn=(1292) __stpcpy_avx2
calls=1 0x18a810 50 
* 0 26

fn=(862) 0x0000000004a99460
0x4a99460 0 10
+4 0 10
cob=(3)
cfi=(152) /build/glibc-sMfBJT/glibc-2.31/string/../sysdeps/x86_64/multiarch/strlen-avx2.S
cfn=(864) __strlen_avx2
calls=78 0x1885e0 42 
* 0 282

fn=(1322) 0x0000000004a99390
0x4a99390 0 11
+4 0 11
cob=(3)
cfi=(171) /build/glibc-sMfBJT/glibc-2.31/string/../sysdeps/x86_64/multiarch/strchr-avx2.S
cfn=(1324) __strchrnul_avx2
calls=11 0x188220 44 
* 0 221

ob=(1) /usr/lib/x86_64-linux-gnu/ld-2.31.so
fl=(1) ???
fn=(0) 0x0000000000001100
cob=(8) /home/arunkrishna/EE5332/baseCPP/eigen.out
cfi=(142) ???
cfn=(684) _start
calls=1 0x11a0 0 
0x1144 0 9124

ob=(8)
fl=(142)
fn=(1238) main
0x1836 0 1
+4 0 1
+1 0 1
+3 0 1
+1 0 1
+7 0 1
+9 0 1
+4 0 1
+2 0 1
+7 0 1
+3 0 1
cfn=(1240) Eigen::Matrix<float, 12, 1, 0, 12, 1>::Matrix()
calls=1 0x852a 0 
* 0 83
+5 0 1
+4 0 1
+8 0 1
+4 0 1
+8 0 1
+4 0 1
+8 0 1
+4 0 1
+8 0 1
+4 0 1
+8 0 1
+4 0 1
+8 0 1
+4 0 1
+8 0 1
+4 0 1
+8 0 1
+4 0 1
+8 0 1
+4 0 1
+8 0 1
+4 0 1
+8 0 1
+4 0 1
+8 0 1
+7 0 1
+7 0 1
+7 0 1
+3 0 1
+3 0 1
cfn=(1256) Eigen::DenseBase<Eigen::Matrix<float, 12, 1, 0, 12, 1> >::operator<<(float const&)
calls=1 0x9250 0 
* 0 121
+5 0 1
+7 0 1
+7 0 1
+3 0 1
+3 0 1
cfn=(1272) Eigen::CommaInitializer<Eigen::Matrix<float, 12, 1, 0, 12, 1> >::operator,(float const&)
calls=1 0x92a6 0 
* 0 149
+5 0 1
+3 0 1
+7 0 1
+3 0 1
+3 0 1
cfn=(1272)
calls=1 0x92a6 0 
* 0 149
+5 0 1
+3 0 1
+7 0 1
+3 0 1
+3 0 1
cfn=(1272)
calls=1 0x92a6 0 
* 0 149
+5 0 1
+3 0 1
+7 0 1
+3 0 1
+3 0 1
cfn=(1272)
calls=1 0x92a6 0 
* 0 149
+5 0 1
+3 0 1
+7 0 1
+3 0 1
+3 0 1
cfn=(1272)
calls=1 0x92a6 0 
* 0 149
+5 0 1
+3 0 1
+7 0 1
+3 0 1
+3 0 1
cfn=(1272)
calls=1 0x92a6 0 
* 0 149
+5 0 1
+3 0 1
+7 0 1
+3 0 1
+3 0 1
cfn=(1272)
calls=1 0x92a6 0 
* 0 149
+5 0 1
+3 0 1
+7 0 1
+3 0 1
+3 0 1
cfn=(1272)
calls=1 0x92a6 0 
* 0 149
+5 0 1
+3 0 1
+7 0 1
+3 0 1
+3 0 1
cfn=(1272)
calls=1 0x92a6 0 
* 0 149
+5 0 1
+3 0 1
+7 0 1
+3 0 1
+3 0 1
cfn=(1272)
calls=1 0x92a6 0 
* 0 149
+5 0 1
+3 0 1
+7 0 1
+3 0 1
+3 0 1
cfn=(1272)
calls=1 0x92a6 0 
* 0 149
+5 0 1
+7 0 1
+3 0 1
cfn=(1274) Eigen::CommaInitializer<Eigen::Matrix<float, 12, 1, 0, 12, 1> >::~CommaInitializer()
calls=1 0x9286 0 
* 0 71
+5 0 1
+7 0 1
+3 0 1
cfn=(1240)
calls=1 0x852a 0 
* 0 83
+5 0 1
+4 0 1
+8 0 1
+4 0 1
+8 0 1
+4 0 1
+8 0 1
+4 0 1
+8 0 1
+4 0 1
+8 0 1
+4 0 1
+8 0 1
+7 0 1
+7 0 1
+7 0 1
+3 0 1
+3 0 1
cfn=(1256)
calls=1 0x9250 0 
* 0 121
+5 0 1
+7 0 1
+7 0 1
+3 0 1
+3 0 1
cfn=(1272)
calls=1 0x92a6 0 
* 0 149
+5 0 1
+3 0 1
+7 0 1
+3 0 1
+3 0 1
cfn=(1272)
calls=1 0x92a6 0 
* 0 149
+5 0 1
+3 0 1
+7 0 1
+3 0 1
+3 0 1
cfn=(1272)
calls=1 0x92a6 0 
* 0 149
+5 0 1
+3 0 1
+7 0 1
+3 0 1
+3 0 1
cfn=(1272)
calls=1 0x92a6 0 
* 0 149
+5 0 1
+3 0 1
+7 0 1
+3 0 1
+3 0 1
cfn=(1272)
calls=1 0x92a6 0 
* 0 149
+5 0 1
+7 0 1
+3 0 1
cfn=(1274)
calls=1 0x9286 0 
* 0 6113

fn=(1240)
0x852a 0 2
+4 0 2
+1 0 2
+3 0 2
+4 0 2
+4 0 2
+4 0 2
+3 0 2
cfn=(1242) Eigen::PlainObjectBase<Eigen::Matrix<float, 12, 1, 0, 12, 1> >::PlainObjectBase()
calls=2 0x9c1e 0 
* 0 130
+5 0 2
cfn=(1254) Eigen::PlainObjectBase<Eigen::Matrix<float, 12, 1, 0, 12, 1> >::_check_template_params()
calls=2 0x9c49 0 
* 0 12
+5 0 2
+1 0 2
+1 0 2

fn=(1246) Eigen::DenseBase<Eigen::Matrix<float, 12, 1, 0, 12, 1> >::DenseBase()
0xbbb2 0 2
+4 0 2
+1 0 2
+3 0 2
+4 0 2
+1 0 2
+1 0 2

fn=(1244) Eigen::MatrixBase<Eigen::Matrix<float, 12, 1, 0, 12, 1> >::MatrixBase()
0x9bfe 0 2
+4 0 2
+1 0 2
+3 0 2
+4 0 2
+4 0 2
+4 0 2
+3 0 2
cfn=(1246)
calls=2 0xbbb2 0 
* 0 14
+5 0 2
+1 0 2
+1 0 2

fn=(1262) Eigen::DenseStorage<float, 12, 12, 1, 0>::rows()
0x9d15 0 38
+4 0 38
+1 0 38
+3 0 38
+5 0 38
+1 0 38

fn=(1256)
0x9250 0 2
+4 0 2
+1 0 2
+3 0 2
+4 0 2
+4 0 2
+4 0 2
+4 0 2
+4 0 2
+4 0 2
+4 0 2
+3 0 2
+3 0 2
cfn=(1258) Eigen::CommaInitializer<Eigen::Matrix<float, 12, 1, 0, 12, 1> >::CommaInitializer(Eigen::Matrix<float, 12, 1, 0, 12, 1>&, float const&)
calls=2 0xb35a 0 
* 0 210
+5 0 2
+4 0 2
+1 0 2

fn=(1264) Eigen::PlainObjectBase<Eigen::Matrix<float, 12, 1, 0, 12, 1> >::cols() const
0x9e00 0 36
+4 0 36
+1 0 36
+3 0 36
+4 0 36
+4 0 36
cfn=(1266) Eigen::DenseStorage<float, 12, 12, 1, 0>::cols()
calls=36 +7 0 
* 0 216
+5 0 36
+1 0 36

fn=(684)
cob=(3)
cfi=(143) /build/glibc-sMfBJT/glibc-2.31/csu/../csu/libc-start.c
cfn=(686) (below main)
calls=1 0x23fc0 137 
0x11c8 0 9124

fn=(1268) Eigen::PlainObjectBase<Eigen::Matrix<float, 12, 1, 0, 12, 1> >::coeffRef(long, long)
0xb4aa 0 18
+4 0 18
+1 0 18
+3 0 18
+1 0 18
+4 0 18
+4 0 18
+4 0 18
+4 0 18
+4 0 18
+3 0 18
cfn=(1270) Eigen::DenseStorage<float, 12, 12, 1, 0>::data()
calls=18 0xc4ac 0 
* 0 126
+5 0 18
+3 0 18
cfn=(1262)
calls=18 0x9d15 0 
* 0 108
+5 0 18
+5 0 18
+3 0 18
+4 0 18
+3 0 18
+4 0 18
+3 0 18
+4 0 18
+1 0 18
+1 0 18

fn=(1250) Eigen::internal::plain_array<float, 12, 0, 16>::plain_array()
0xc568 0 2
+4 0 2
+1 0 2
+3 0 2
+4 0 2
+4 0 2
+4 0 2
+4 0 2
+4 0 2
+3 0 2
+3 0 2
jcnd=2/2 +33 0 
* 0 
+33 0 2
+1 0 2
cfn=(1252) void Eigen::internal::check_static_allocation_size<float, 12>()
calls=2 0xcc65 0 
* 0 12
+5 0 2
+1 0 2
+1 0 2

fn=(1258)
0xb35a 0 2
+4 0 2
+1 0 2
+3 0 2
+4 0 2
+4 0 2
+4 0 2
+4 0 2
+4 0 2
+4 0 2
+3 0 2
+4 0 2
+8 0 2
+4 0 2
+8 0 2
+4 0 2
+8 0 2
+4 0 2
+3 0 2
+3 0 2
cfn=(1260) Eigen::PlainObjectBase<Eigen::Matrix<float, 12, 1, 0, 12, 1> >::rows() const
calls=2 0x9cfe 0 
* 0 28
+5 0 2
+3 0 2
+2 0 2
+4 0 2
+3 0 2
+3 0 2
cfn=(1264)
calls=2 0x9e00 0 
* 0 28
+5 0 2
+3 0 2
jcnd=2/2 +33 0 
* 0 
+33 0 2
+1 0 2
+4 0 2
+3 0 2
+5 0 2
+5 0 2
+3 0 2
cfn=(1268)
calls=2 0xb4aa 0 
* 0 72
+5 0 2
+4 0 2
+4 0 2
+4 0 2
+1 0 2
+1 0 2

fn=(1276) Eigen::CommaInitializer<Eigen::Matrix<float, 12, 1, 0, 12, 1> >::finished()
0xb412 0 2
+4 0 2
+1 0 2
+3 0 2
+1 0 2
+4 0 2
+4 0 2
+4 0 2
+4 0 2
+4 0 2
+4 0 2
+4 0 2
+4 0 2
+3 0 2
+3 0 2
cfn=(1260)
calls=2 0x9cfe 0 
* 0 28
+5 0 2
+3 0 2
jcnd=1/2 +22 0 
* 0 
+2 0 1
+4 0 1
+3 0 1
+3 0 1
cfn=(1264)
calls=1 0x9e00 0 
* 0 14
+5 0 1
+3 0 1
jcnd=1/1 +30 0 
* 0 
+2 0 1
+4 0 1
+4 0 1
+4 0 1
+3 0 1
+3 0 1
cfn=(1264)
calls=1 0x9e00 0 
* 0 14
+5 0 1
+3 0 1
jcnd=1/1 +33 0 
* 0 
+2 0 1
+7 0 1
+5 0 1
+7 0 1
+7 0 1
cob=(2)
cfi=(18)
cfn=(1278)
calls=1 0x109110 0 
* 0 6049
+5 0 1
+1 0 1
+4 0 1
+3 0 1
+4 0 1
+1 0 1
+1 0 1

fn=(1254)
0x9c49 0 2
+4 0 2
+1 0 2
+3 0 2
+1 0 2
+1 0 2

fn=(1272)
0x92a6 0 16
+4 0 16
+1 0 16
+3 0 16
+1 0 16
+4 0 16
+4 0 16
+4 0 16
+4 0 16
+4 0 16
+4 0 16
+3 0 16
+3 0 16
cfn=(1264)
calls=16 0x9e00 0 
* 0 224
+5 0 16
+3 0 16
+3 0 16
+2 0 16
+2 0 16
+4 0 16
+4 0 16
+4 0 16
+4 0 16
+3 0 16
+4 0 16
+4 0 16
+4 0 16
+8 0 16
+4 0 16
+8 0 16
+4 0 16
+4 0 16
+4 0 16
+3 0 16
+3 0 16
cfn=(1260)
calls=16 0x9cfe 0 
* 0 224
+5 0 16
+3 0 16
jcnd=16/16 +33 0 
* 0 
+33 0 16
+1 0 16
+4 0 16
+4 0 16
+4 0 16
+3 0 16
+3 0 16
cfn=(1264)
calls=16 0x9e00 0 
* 0 224
+5 0 16
+3 0 16
jcnd=16/16 +33 0 
* 0 
+33 0 16
+1 0 16
+4 0 16
+4 0 16
+4 0 16
jcnd=16/16 +33 0 
* 0 
+33 0 16
+4 0 16
+3 0 16
+3 0 16
+4 0 16
+4 0 16
+4 0 16
+4 0 16
+4 0 16
+4 0 16
+4 0 16
+3 0 16
+3 0 16
cfn=(1268)
calls=16 0xb4aa 0 
* 0 576
+5 0 16
+4 0 16
+4 0 16
+4 0 16
+4 0 16
+4 0 16
+1 0 16
+1 0 16

fn=(1252)
0xcc65 0 2
+4 0 2
+1 0 2
+3 0 2
+1 0 2
+1 0 2

fn=(1260)
0x9cfe 0 20
+4 0 20
+1 0 20
+3 0 20
+4 0 20
+4 0 20
cfn=(1262)
calls=20 +7 0 
* 0 120
+5 0 20
+1 0 20

fn=(1266)
0x9e17 0 36
+4 0 36
+1 0 36
+3 0 36
+5 0 36
+1 0 36

fn=(1270)
0xc4ac 0 18
+4 0 18
+1 0 18
+3 0 18
+4 0 18
+4 0 18
+1 0 18

fn=(1274)
0x9286 0 2
+4 0 2
+1 0 2
+3 0 2
+4 0 2
+4 0 2
+4 0 2
+3 0 2
cfn=(1276)
calls=2 0xb412 0 
* 0 6165
+5 0 1
+1 0 1
+1 0 1

fn=(1242)
0x9c1e 0 2
+4 0 2
+1 0 2
+3 0 2
+4 0 2
+4 0 2
+4 0 2
+3 0 2
cfn=(1244)
calls=2 -55 0 
* 0 36
+5 0 2
+4 0 2
+3 0 2
cfn=(1248) Eigen::DenseStorage<float, 12, 12, 1, 0>::DenseStorage()
calls=2 0xbbc2 0 
* 0 66
+5 0 2
+1 0 2
+1 0 2

fn=(1248)
0xbbc2 0 2
+4 0 2
+1 0 2
+3 0 2
+4 0 2
+4 0 2
+4 0 2
+3 0 2
cfn=(1250)
calls=2 0xc568 0 
* 0 44
+5 0 2
+1 0 2
+1 0 2

ob=(3)
fl=(167) /build/glibc-sMfBJT/glibc-2.31/libio/vasprintf.c
fn=(1308) __vasprintf_internal
0x8bb30 34 1
+4 * 1
+2 * 1
+2 * 1
+3 * 1
+2 * 1
+3 * 1
+2 * 1
+3 * 1
+1 * 1
+1 * 1
+3 +11 1
+5 -11 1
+7 * 1
+9 * 1
+8 * 1
+2 +11 1
cob=(2)
cfi=(18)
cfn=(1310)
calls=1 0x4a99310 -45 
* * 191
+5 +1 1
+3 * 1
+6 +5 1
+5 * 1
+3 * 1
+3 * 1
+2 * 1
+5 * 1
+5 * 1
+3 * 1
+8 -2 1
+12 * 1
+7 * 1
+4 +2 1
cfi=(168) /build/glibc-sMfBJT/glibc-2.31/libio/genops.c
cfn=(1312) _IO_no_init
calls=1 0x927d0 563 
* * 44
+5 +2 1
+3 * 1
+5 * 1
+3 -1 1
+7 +1 1
+3 -1 1
+8 +1 1
cfi=(169) /build/glibc-sMfBJT/glibc-2.31/libio/strops.c
cfn=(1316) _IO_str_init_static_internal
calls=1 0x93dc0 -17 
* * 66
+5 +2 1
+5 +2 1
+3 * 1
+3 * 1
+3 * 1
+3 -3 1
+5 +1 1
+8 +2 1
cfi=(170) /build/glibc-sMfBJT/glibc-2.31/stdio-common/vfprintf-internal.c
cfn=(1320) __vfprintf_internal
calls=1 0x76890 1289 
* * 3441
+5 * 1
+3 +1 1
+2 * 1
+6 +7 1
+5 +1 1
+5 -1 1
+5 * 1
+5 +1 1
+3 -1 1
+3 +1 1
+3 -1 1
+4 +2 1
+3 * 1
+3 * 1
jcnd=1/1 +68 +4 
* * 
+21 +16 1
+4 +2 1
+8 * 1
+9 * 1
+2 * 1
+7 * 1
+3 * 1
+1 * 1
+1 * 1
+2 * 1
+2 * 1
+2 * 1
+2 * 1
+4 -14 1
+3 * 1
cob=(2)
cfi=(18)
cfn=(1310)
calls=1 0x4a99310 -71 
* * 186
+5 * 1
+3 * 1
+3 +1 1
+3 * 1
+2 +2 1
+3 * 1
+3 * 1
cob=(2)
cfi=(18)
cfn=(1334)
calls=1 0x4a994d0 -74 
* * 62
+5 +1 1
+3 * 1
cob=(2)
cfi=(18)
cfn=(1300)
calls=1 0x4a99330 -75 
* * 84
+5 * 1
+3 +6 1
+3 * 1
jcnd=1/1 -91 +2 
* * 

fl=(152)
fn=(864)
0x1885e0 42 10
+4 +13 10
+2 +1 10
+3 +1 10
+4 +3 10
+3 +1 10
+3 +1 10
jcnd=22/10 +45 +32 
* * 
+2 +3 5
+4 +1 5
+4 +1 5
+2 +8 5
jcnd=54/5 0x1886f0 335 
* * 
+6 +4 2
+4 +1 2
+3 +1 2
+4 +9 2
jump=2 +68 +51 
* * 
+16 +4 5
+3 +1 5
+4 +1 5
+4 +1 5
+4 +2 5
+2 +1 5
+2 +1 5
jcnd=4/5 +29 +30 
* * 
+2 +1 3
+4 +6 3
+3 +1 3
+3 +1 3
+3 +4 3
+3 +1 3
+11 +16 2
+4 +10 2
+4 +1 2
+4 +1 2
+2 +1 2
jcnd=2/2 0x1886f0 335 
* * 
-10 -3 2
+4 +1 2
+4 +1 2
+2 +1 2
jcnd=1/2 0x1886f0 335 
* * 
+6 +2 3
+5 +1 3
+4 +1 3
+2 +1 3
+6 +2 3
+5 +1 3
+4 +1 3
+2 +1 3
jcnd=1/3 0x188720 358 
* * 
+6 +2 2
+5 +1 2
+4 +1 2
+2 +1 2
jcnd=1/2 0x18876c 385 
* * 
+6 +2 1
+7 +8 1
+3 +1 1
+3 +1 1
+4 * 1
+8 +10 1
+4 +1 1
+5 +1 1
+5 +1 1
+5 +1 1
+4 +1 1
+4 +1 1
+4 +2 1
+4 +1 1
+4 +1 1
+2 +1 1
-41 -11 1
+4 +1 1
+5 +1 1
+5 +1 1
+5 +1 1
+4 +1 1
+4 +1 1
+4 +2 1
+4 +1 1
+4 +1 1
+2 +1 1
jcnd=1/1 0x188740 370 
* * 
+2 +2 1
+7 +3 1
jump=1 -50 -16 
* * 
+14 335 4
+4 +1 4
+3 +1 4
+3 +4 4
+3 +1 4
+35 +16 1
+4 +1 1
+4 +1 1
+3 +1 1
+3 +4 1
+3 +1 1
+15 +4 1
+4 +1 1
+4 +1 1
+2 +1 1
+2 +1 1
+4 +1 1
+4 +1 1
+2 +1 1
+2 +1 1
+4 +1 1
+4 +1 1
+2 +1 1
+2 +1 1
+4 +1 1
+4 +2 1
+4 +1 1
+4 +1 1
+3 +1 1
+3 +4 1
+3 +1 1
-17 -8 1
+4 +1 1
+4 +1 1
+3 +1 1
+3 +4 1
+3 +1 1

fl=(173) /build/glibc-sMfBJT/glibc-2.31/stdio-common/_itoa.c
fn=(1330) _itoa_word
0x5b610 165 1
+4 * 1
+3 +3 1
+2 * 1
+7 * 1
+7 * 1
+4 +2 1
+3 * 1
jcnd=1/1 0x5b6a0 +9 
* * 
0x5b6a0 +9 1
+10 * 1
+6 * 1
+3 * 1
+3 * 1
+4 * 1
+3 * 1
+4 * 1
+4 * 1
+3 * 1
+3 * 1
+5 * 1
+3 * 1
+3 * 1
+3 * 1
+4 * 1
jcnd=1/1 -45 * 
* * 
-45 * 2
+3 * 2
+3 * 2
+4 * 2
+3 * 2
+4 * 2
+4 * 2
+3 * 2
+3 * 2
+5 * 2
+3 * 2
+3 * 2
+3 * 2
+4 * 2
jcnd=1/2 -45 * 
* * 
+2 +9 1
+3 * 1

fl=(166) /build/glibc-sMfBJT/glibc-2.31/stdio-common/asprintf.c
fn=(1306) asprintf
0x61f20 26 1
+4 * 1
+7 * 1
+5 * 1
+5 * 1
+5 * 1
+5 * 1
+2 * 1
jcnd=1/1 +57 * 
* * 
+57 * 1
+9 * 1
+5 * 1
+2 +4 1
+8 +1 1
+2 * 1
+3 -1 1
+5 * 1
+5 * 1
+7 * 1
+8 * 1
+5 +1 1
cfi=(167)
cfn=(1308)
calls=1 0x8bb30 +3 
* * 4161
+5 +4 1
+5 * 1
+9 * 1
+2 * 1
+7 * 1

fl=(184) /build/glibc-sMfBJT/glibc-2.31/signal/../sysdeps/unix/sysv/linux/sigprocmask.c
fn=(1384) sigprocmask
0x432f0 24 1
+4 * 1
+7 * 1
+3 * 1
+9 * 1
+8 * 1
+2 +5 1
+3 * 1
+2 * 1
+10 +1 1
+3 -1 1
+3 * 1
+2 * 1
+3 +10 1
+6 * 1
+3 * 1
+5 * 1
+2 * 1
+6 * 1
+6 +1 1
+8 * 1
+9 * 1
+6 * 1
+7 * 1

fl=(180) /build/glibc-sMfBJT/glibc-2.31/libio/iofflush.c
fn=(1364) fflush
0x82370 32 1
+4 +1 1
+3 * 1
+6 -1 1
+1 * 1
+1 * 1
+3 * 1
+4 +7 1
+2 * 1
+6 * 1
+2 * 1
+7 * 1
+9 * 1
+4 * 1
+2 * 1
+8 * 1
+2 * 1
fi=(181) /build/glibc-sMfBJT/glibc-2.31/libio/../sysdeps/unix/sysv/linux/x86/lowlevellock.h
+6 +8 1
+5 * 1
fe=(180)
+3 -8 1
+7 * 1
+4 * 1
+4 +1 1
fi=(178) /build/glibc-sMfBJT/glibc-2.31/libio/libioP.h
+7 941 1
+7 * 1
+7 * 1
+3 +2 1
+3 * 1
+3 +1 1
+3 * 1
fe=(180)
+2 40 1
+3 * 1
cfi=(177) /build/glibc-sMfBJT/glibc-2.31/libio/fileops.c
cfn=(1368) _IO_file_sync@@GLIBC_2.2.5
calls=1 0x8e3f0 793 
* * 18
+3 * 1
+3 * 1
+2 * 1
+4 * 1
fi=(178)
+3 884 1
+6 * 1
+2 +1 1
+7 * 1
+3 * 1
+3 * 1
+3 * 1
+2 * 1
+8 * 1
+8 * 1
+2 * 1
+2 * 1
fe=(180)
+3 44 1
+4 * 1
+3 * 1
+1 * 1
+1 * 1

fl=(160) /build/glibc-sMfBJT/glibc-2.31/intl/dcgettext.c
fn=(1282) dcgettext
0x34a50 46 1
+4 * 1
+3 +1 1
+3 * 1
+2 * 1
+2 * 1
cfi=(161) /build/glibc-sMfBJT/glibc-2.31/intl/dcigettext.c
cfn=(1284) __dcigettext
calls=1 0x35870 485 
* * 325

fl=(164)
fn=(1292)
0x18a810 50 1
+4 +6 1
+3 +7 1
+4 +2 1
+3 +1 1
+3 +1 1
jcnd=1/1 0x18aa0b 301 
* * 
0x18aa0b 301 1
+4 +1 1
+5 +1 1
+4 +1 1
+4 +10 1
+2 +1 1
jcnd=1/1 +40 +33 
* * 
+40 +33 1
+3 +2 1
+3 +1 1
+6 +1 1
+3 +1 1
+6 +1 1
+3 +1 1
jcnd=1/1 0x18ab60 610 
* * 
0x18ab60 610 1
+3 +1 1
+5 +1 1
+3 +1 1
+5 +2 1
+4 +8 1
+3 +1 1

fn=(1376)
0x189b20 50 1
+4 +6 1
+3 +2 1
+3 +5 1
+4 +2 1
+3 +1 1
+3 +1 1
jcnd=1/1 0x189d1b 301 
* * 
+60 +41 1
+3 +6 1
+7 +1 1
+5 +1 1
+5 +1 1
+6 +1 1
+4 +1 1
+4 +1 1
+4 +5 1
+2 +4 1
+6 +3 1
+5 +1 1
+6 +1 1
+4 +1 1
+4 +1 1
+4 +5 1
+2 +4 1
+6 +3 1
+5 +1 1
+6 +1 1
+4 +1 1
+4 +1 1
+4 +5 1
+2 +4 1
+6 +3 1
+5 +1 1
+6 +1 1
+4 +1 1
+4 +1 1
+4 +5 1
+2 +4 1
+6 +3 1
+5 +1 1
+6 +1 1
+4 +1 1
+4 +1 1
+4 +5 1
+2 +4 1
+6 +3 1
+6 +1 1
+5 +1 1
+4 +1 1
+4 +1 1
+4 +5 1
+2 +4 1
+6 +3 1
+5 +1 1
+3 +1 1
+5 +1 1
+4 +1 1
+3 +1 1
+3 +5 1
+4 +1 1
+5 +1 1
+5 +1 1
+5 +1 1
+4 +1 1
+4 +1 1
+4 +1 1
+4 +1 1
+4 +5 1
+2 +1 1
jcnd=1/1 +79 +26 
* * 
+79 +26 1
+4 +1 1
+4 +1 1
+2 +1 1
+6 +2 1
+4 +1 1
+4 +1 1
+2 +1 1
+6 +2 1
+4 +1 1
+4 +1 1
+2 +1 1
+6 +2 1
+4 +1 1
+4 +1 1
+3 +1 1
+4 +1 1
+5 +1 1
+5 +11 1
+4 +1 1
+4 +1 1
jump=1 +64 +55 
* * 
+2 +6 1
+4 +1 1
+5 +1 1
+4 +1 1
+4 +10 1
+2 +1 1
+2 +2 1
+4 +1 1
+4 +1 1
+4 +10 1
+2 +1 1
+2 +2 1
+4 +1 1
+3 +1 1
jump=1 0x189b70 108 
* * 
+18 +16 1
+3 +1 1
+6 +1 1
+3 +1 1
jcnd=1/1 0x189e70 628 
* * 
0x189e70 628 1
+4 +1 1
+6 +1 1
+4 +1 1
+6 +10 1
+3 +1 1

fl=(171)
fn=(1324)
0x188220 44 11
+4 +1 11
+2 +2 11
+4 +1 11
+5 +1 11
+5 +2 11
+3 +1 11
+3 +1 11
jcnd=3/11 +54 +21 
* * 
+2 +4 8
+4 +1 8
+5 +1 8
+5 +1 8
+4 +1 8
+4 +1 8
+2 +1 8
jcnd=8/8 0x1883b0 184 
* * 
+28 +11 3
+3 +1 3
+4 +1 3
+4 +1 3
+5 +1 3
+5 +1 3
+4 +1 3
+4 +2 3
+2 +1 3
+2 +1 3
+2 +2 3
+4 +1 3
+3 +2 3
+3 +7 3
+3 +1 3
0x1883b0 +87 8
+4 +2 8
+3 +7 8
+3 +1 8

fl=(169)
fn=(1316)
0x93dc0 36 1
+4 * 1
+2 * 1
+3 * 1
+2 * 1
+3 * 1
+1 * 1
+3 * 1
+1 * 1
+4 +4 1
+3 * 1
jcnd=1/1 0x93e48 +2 
* * 
+15 +1 1
+5 +5 1
+2 * 1
+3 * 1
+3 * 1
+4 * 1
+3 * 1
+4 * 1
cfi=(168)
cfn=(1318) _IO_setb
calls=1 0x91e50 329 
* * 25
+5 +3 1
+5 +1 1
+4 -1 1
+4 +2 1
+3 * 1
+2 +2 1
+5 * 1
+5 +2 1
+4 -2 1
+4 * 1
+4 +11 1
+11 +1 1
+4 * 1
+1 * 1
+1 * 1
+2 * 1
+2 * 1
+5 -23 1
+3 +1 1
+7 * 1
+3 * 1
+4 * 1
jump=1 0x93de9 -2 
* * 

fn=(1332) _IO_str_overflow
0x939e0 82 2
+4 * 2
+2 * 2
+2 * 2
+2 * 2
+2 * 2
+1 * 2
+2 * 2
+1 * 2
+4 +3 2
+2 * 2
+2 * 2
+6 +2 2
+2 * 2
+3 * 2
+6 * 2
+6 * 2
+6 * 2
+4 +7 2
+4 * 2
+4 -11 2
+2 +10 2
+3 +1 2
+3 -11 2
+3 * 2
+3 +10 2
+4 +1 2
+3 * 2
+3 * 2
+6 +2 2
+2 * 2
+6 +7 2
+5 +1 2
+3 * 2
+6 +2 2
+3 * 2
cob=(2)
cfi=(18)
cfn=(1310)
calls=2 0x4a99310 0 
* * 369
+5 * 2
+3 +1 2
+3 * 2
+6 +5 2
+3 * 2
+2 +2 2
+3 * 2
+3 * 2
+3 * 2
cob=(2)
cfi=(18)
cfn=(1334)
calls=2 0x4a994d0 0 
* * 86
+5 +1 2
+3 * 2
cob=(2)
cfi=(18)
cfn=(1300)
calls=2 0x4a99330 0 
* * 168
+5 +2 2
+8 +2 2
+5 * 2
+5 * 2
+3 * 2
+2 * 2
+4 * 2
+4 * 2
+5 * 2
+3 * 2
+4 * 2
+5 * 2
cob=(2)
cfi=(18)
cfn=(1338)
calls=2 0x4a99560 0 
* * 74
+5 +2 2
+5 * 2
+3 * 2
+3 * 2
+5 * 2
cfi=(168)
cfn=(1318)
calls=2 0x91e50 329 
* * 50
+5 +1 2
+4 +3 2
+4 +2 2
+4 -4 2
+5 * 2
+6 -1 2
+3 +3 2
+3 -2 2
+5 -1 2
+3 +3 2
+3 -3 2
+4 +6 2
+4 -3 2
+4 +3 2
+4 -5 2
+4 +9 2
+3 * 2
+2 +1 2
+4 * 2
+4 * 2
+3 * 2
+4 +1 2
+2 * 2
+4 * 2
+2 +1 2
+4 +2 2
+4 * 2
+1 * 2
+1 * 2
+2 * 2
+2 * 2
+2 * 2
+2 * 2

fl=(165)
fn=(1296)
0x18b5d0 212 7
+4 +1 7
+3 +1 7
+3 +1 7
jump=7 +29 +17 
* * 
+29 +17 7
+4 +1 7
jcnd=2/7 +75 +44 
* * 
+2 +1 5
+4 +1 5
jcnd=2/5 0x18b6a6 +99 
* * 
+6 +3 3
+4 +1 3
+6 +1 3
+4 +1 3
+6 +2 3
+3 +1 3
+40 +33 2
+3 +1 2
jcnd=1/2 +25 +26 
* * 
+2 +2 1
+3 +1 1
+2 +1 1
+3 +1 1
jcnd=1/1 +53 +36 
* * 
+15 +21 1
+4 +1 1
+6 +1 1
+4 +1 1
+6 +1 1
+18 +11 1
+4 +1 1
+2 +1 1
+4 +1 1
+2 +1 1
+18 +11 2
+7 +1 2
+6 +5 2
+7 +1 2
jcnd=1/2 0x18b751 +36 
* * 
+6 +1 1
+7 +1 1
+2 +2 1
+4 +1 1
+5 +1 1
+5 +1 1
+5 +1 1
+6 +1 1
+6 +1 1
+6 +1 1
+6 +1 1
+4 +1 1
+5 +1 1
+5 +1 1
+5 +1 1
+6 +1 1
+6 +1 1
+6 +1 1
+6 +1 1
+3 +1 1
+47 +15 1
+3 +1 1
jcnd=1/1 0x18b805 +58 
* * 
0x18b805 +58 1
+4 +1 1
+5 +1 1
+5 +1 1
+5 +1 1
+6 +2 1
+5 +3 1
+5 +1 1
+3 +1 1
+3 +1 1
+4 +2 1
+3 +2 1
+3 +2 1
+3 +3 1
+7 +1 1
+6 +4 2
+4 +1 2
+5 +1 2
+5 +1 2
+5 +1 2
+7 +1 2
+7 +1 2
+5 +1 2
+6 +1 2
+6 +1 2
+6 +1 2
+7 +1 2
+7 +1 2
jcnd=1/2 -70 -12 
* * 
+2 +2 1
+4 +1 1
+5 +1 1
+5 +1 1
+5 +2 1
+5 +1 1
+3 +1 1

fn=(1298)
0x18b5f0 225 3
+4 +1 3
+3 +6 3
+4 +1 3
+2 +1 3
+4 +1 3
jcnd=3/3 0x18b6a6 +99 
* * 
0x18b6a6 +99 3
+7 +1 3
+6 +5 3
+7 +1 3
jcnd=2/3 0x18b751 +36 
* * 
+6 +1 1
+7 +1 1
jcnd=1/1 +92 +22 
* * 
+92 +22 1
+4 +1 1
+5 +1 1
+6 +1 1
+6 +1 1
+4 +1 1
+5 +1 1
+6 +1 1
+6 +1 1
+3 +1 1
+1 +3 2
+3 +1 2
jcnd=2/2 0x18b805 +58 
* * 
0x18b805 +58 2
+4 +1 2
+5 +1 2
+5 +1 2
+5 +1 2
+6 +2 2
+5 +3 2
+5 +1 2
+3 +1 2
+3 +1 2
+4 +2 2
+3 +2 2
+3 +2 2
+3 +3 2
+7 +1 2
+6 +4 4
+4 +1 4
+5 +1 4
+5 +1 4
+5 +1 4
+7 +1 4
+7 +1 4
+5 +1 4
+6 +1 4
+6 +1 4
+6 +1 4
+7 +1 4
+7 +1 4
jcnd=2/4 -70 -12 
* * 
+2 +2 2
+4 +1 2
+5 +1 2
+5 +1 2
+5 +2 2
+5 +1 2
+3 +1 2

fl=(182) /build/glibc-sMfBJT/glibc-2.31/misc/../sysdeps/unix/sysv/linux/mmap64.c
fn=(1372) mmap
0x1188f0 48 1
+4 +3 1
+7 * 1
+2 -3 1
+1 * 1
+3 * 1
+1 * 1
+2 +6 1
+3 * 1
jcnd=1/1 +57 * 
* * 
+2 +5 1
+3 * 1
+3 * 1
+5 * 1
+2 * 1
+6 * 1
+2 +2 1
+1 * 1
+1 * 1
+32 -7 1
+3 * 1
jcnd=1/1 -58 +5 
* * 

fl=(143)
fn=(686)
cob=(8)
cfi=(142)
cfn=(1238)
calls=1 0x1836 0 
0x240b1 308 9124

fl=(185) /build/glibc-sMfBJT/glibc-2.31/signal/../sysdeps/unix/sysv/linux/raise.c
fn=(1386) raise
0x42f70 28 1
+4 * 1
+7 * 1
fi=(186) /build/glibc-sMfBJT/glibc-2.31/signal/../sysdeps/unix/sysv/linux/internal-signals.h
+3 +49 1
+2 -23 1
fe=(185)
+8 -26 1
+9 * 1
+8 * 1
fi=(186)
+2 +49 1
+3 * 1
+5 * 1
+8 -23 1
+8 * 1
+4 +23 1
+6 * 1
+3 -23 1
+8 * 1
+8 * 1
+8 * 1
+8 * 1
+8 * 1
+8 * 1
+8 +23 1
fe=(185)
+2 -34 1
+5 * 1
+2 * 1
+2 * 1
+3 +1 1
+5 * 1
+2 +2 1
+2 * 1
+3 * 1
+5 * 1
+2 * 1
+6 * 1

fl=(168)
fn=(1354) _IO_doallocbuf
0x91eb0 343 1
+4 +1 1
+5 * 1
jcnd=1/1 +7 -1 
* * 
+7 -1 1
+2 * 1
+1 * 1
+1 +3 1
+2 * 1
+3 * 1
+2 * 1
+2 * 1
+6 * 1
+2 * 1
jcnd=1/1 0x91f40 +3 
* * 
+77 -9 1
+3 -5 1
+5 * 1
+5 +5 1
+2 -5 1
+4 * 1
+4 +18 1
+1 * 1
+1 * 1
+2 * 1
+3 -1 1
+7 * 1
+7 -19 1
jump=1 -44 +7 
* * 

fn=(1314) _IO_old_init
0x92760 531 1
+4 +3 1
+6 -2 1
+6 +1 1
+7 -1 1
+2 +2 1
+2 * 1
jcnd=1/1 +9 +16 
* * 
+9 +16 1
+2 -11 1
+4 +5 1
+8 +6 1
+7 +5 1
+7 -16 1
+4 * 1
+4 * 1
+4 * 1
+4 * 1
+4 * 1
+4 +16 1
+3 * 1
jcnd=1/1 +17 +3 
* * 
+17 +3 1

fn=(1328) _IO_default_xsputn
0x91fe0 371 19
+4 +3 19
+3 * 19
jcnd=7/19 0x92150 +21 
* * 
+6 -3 12
+2 * 12
+3 * 12
+2 * 12
+3 * 12
+2 * 12
+3 * 12
fi=(178)
+2 941 12
fe=(168)
+7 371 12
fi=(178)
+1 941 12
fe=(168)
+7 371 12
fi=(178)
+1 941 12
fe=(168)
+3 371 12
+4 * 12
jump=12 +75 +8 
* * 
+11 +18 8
+3 * 8
jcnd=8/8 0x920e8 +4 
* * 
+6 +8 14
+3 +2 14
+3 * 14
jcnd=12/14 0x920d3 +5 
* * 
+6 * 2
fi=(178)
+7 943 2
+3 * 2
+3 +1 2
+3 * 2
fe=(168)
+2 399 2
+4 * 2
+3 * 2
+3 * 2
cfi=(169)
cfn=(1332)
calls=2 0x939e0 82 
* * 941
+3 * 2
+3 * 2
+2 +2 2
+4 -22 2
+3 * 2
+4 * 2
+4 * 2
+3 * 2
-11 * 12
+4 * 12
+4 * 12
+3 * 12
+2 +2 14
+3 +1 14
+3 * 14
+4 +2 14
+4 * 14
jcnd=8/14 -91 +5 
* * 
+2 +2 6
+3 * 6
+4 * 6
cob=(2)
cfi=(18)
cfn=(1294)
calls=6 0x4a995a0 0 
* * 161
+5 +1 6
+4 -1 6
+4 +1 6
+3 * 6
jump=6 0x92029 +10 
* * 
+63 +17 12
+4 -11 12
+3 +11 12
+1 * 12
+1 * 12
+2 * 12
+2 * 12
+2 * 12
+2 * 12
+4 -11 8
+4 * 8
+3 * 8
+4 * 8
+2 * 8
+4 * 8
+4 * 8
jcnd=8/8 +91 * 
* * 
+64 +2 8
+3 * 8
+3 * 8
+4 * 8
jump=8 0x92029 +2 
* * 
+9 * 7
+2 +9 7
+6 -11 8
+2 * 8
+6 +1 8
+4 * 8
+3 -1 8
+4 * 8
+3 * 8
jcnd=7/8 -14 +1 
* * 
-14 +1 32
+4 * 32
+3 -1 32
+4 * 32
+3 * 32
jcnd=25/32 -14 +1 
* * 
+2 * 8
jump=8 -51 +2 
* * 

fn=(1312)
0x927d0 563 1
+4 * 1
+2 * 1
+3 * 1
+2 * 1
+3 * 1
+1 * 1
+3 * 1
+1 * 1
+3 * 1
+4 +1 1
cfn=(1314)
calls=1 0x92760 -33 
* * 21
+5 +1 1
+7 +1 1
+3 * 1
jcnd=1/1 +71 +20 
* * 
+47 +21 1
+11 +1 1
+4 * 1
+1 * 1
+1 * 1
+2 * 1
+2 * 1
+3 -2 1
+11 * 1
jump=1 -35 +1 
* * 

fn=(1318)
0x91e50 329 3
+4 * 3
+1 * 3
+2 * 3
+1 * 3
+3 * 3
+4 +1 3
+4 * 3
+2 -1 3
+4 * 3
+5 +1 3
+3 * 3
jcnd=3/3 +6 +5 
* * 
+6 +5 3
+2 -3 3
+5 +3 3
+3 * 3
+3 * 3
+2 * 3
+3 -3 3
+5 * 3
+4 +2 3
+2 +4 3
+4 * 3
+1 * 3
+1 * 3

fl=(133)
fn=(512)
0x9a110 3023 4
+4 +8 4
+7 -8 4
+2 * 4
+1 * 4
+3 * 4
+1 +8 4
+3 +1 4
+3 * 4
jcnd=1/4 0x9a280 +1 
* * 
+6 1208 4
+3 * 4
+6 +2 4
+4 * 4
+2 * 4
+4 * 4
jcnd=4/4 0x9a1c0 * 
* * 
+2 3044 4
+7 * 4
+5 * 4
+3 * 4
+6 +3 4
+7 * 4
jcnd=4/4 0x9a210 +1 
* * 
+6 +9 4
+8 * 4
+2 * 4
+6 +2 4
+3 * 4
+7 * 4
cfn=(542) _int_malloc
calls=4 0x97aa0 1208 
* * 546
+5 * 4
+3 +1 4
+3 * 4
+6 * 4
+4 * 4
+2 * 4
+2 * 4
+2 * 4
jcnd=4/4 +28 +23 
* * 
+28 +23 4
+1 * 4
+3 * 4
+1 * 4
+2 * 4
+3 1210 4
+4 * 4
+4 * 4
+4 * 4
jump=4 0x9a143 3044 
* * 
+68 3048 4
+4 +1 4
+3 * 4
+3 * 4
jcnd=4/4 0x9a165 +7 
* * 

fn=(1302)
0x9a700 3087 5
+4 * 5
+4 +5 5
+7 * 5
+3 +1 5
+3 * 5
+6 +6 5
+3 * 5
jcnd=1/5 0x9a790 +27 
* * 
+2 +5 4
+4 -2 4
+4 +2 4
+2 * 4
+2 +18 4
+7 * 4
+5 * 4
+6 +2 4
+7 * 4
+2 * 4
jcnd=4/4 +14 +1 
* * 
+14 +1 4
+2 +1 4
+4 -1 4
cfn=(1336) _int_free
calls=4 0x96870 4155 
* * 244
+53 +1 1
+4 * 1

fn=(1336)
0x96870 4155 4
+2 * 4
+2 * 4
+2 * 4
+3 * 4
+2 * 4
+1 * 4
+1 * 4
+4 * 4
+9 * 4
+5 * 4
+2 +10 4
+4 * 4
+3 * 4
+4 +6 4
+3 * 4
+3 * 4
+3 * 4
+6 * 4
+3 +1 4
+4 * 4
+6 +4 4
+4 * 4
+6 * 4
+2 * 4
+6 +8 4
+7 * 4
+3 * 4
+4 * 4
+3 * 4
+2 -1 4
+4 * 4
+4 +1 4
+7 * 4
+2 +3 4
+4 +6 4
+5 * 4
+6 +13 4
+4 * 4
+4 * 4
+7 * 4
+3 * 4
jcnd=4/4 0x96b28 2924 
* * 
0x969a5 4428 4
+5 * 4
+9 * 4
+6 * 4
+4 * 4
+1 * 4
+1 * 4
+2 * 4
+2 * 4
+2 * 4
+2 * 4
0x96b28 2924 4
+4 * 4
+5 +4 4
+3 -2 4
+7 * 4
+5 +1 4
+7 +1 4
+3 4209 4
jump=4 0x969a5 4428 
* * 

fn=(542)
0x97aa0 1208 4
+3 * 4
+6 3513 4
+2 1210 4
+4 3513 4
+2 * 4
+2 * 4
+2 * 4
+1 * 4
+3 * 4
+1 * 4
+3 * 4
+7 1210 4
+4 * 4
jcnd=6/4 0x97bd0 * 
* * 
+46 3638 4
+3 +2 4
+4 -2 4
+4 +2 4
+3 * 4
jcnd=5/4 0x97e78 4147 
* * 
0x97bd0 1210 4
+4 * 4
+3 3553 4
+3 * 4
+6 1637 4
+3 * 4
+4 3577 4
+7 * 4
jcnd=1/4 0x97e60 4147 
* * 
+6 +58 3
+6 * 3
jcnd=4/3 0x97df0 -46 
* * 
0x97cd3 -53 1
+4 * 1
+4 +2 1
+3 * 1
jcnd=1/1 0x97df0 +5 
* * 
0x97df0 +5 4
+5 * 4
+8 * 4
jump=5 0x97af6 +49 
* * 
+69 4147 4
+7 * 4
+3 * 4
+1 * 4
+1 * 4
+2 * 4
+2 * 4
+2 * 4
+2 * 4
+10 * 1
+4 * 1
+8 * 1
jump=1 0x97cd3 3582 
* * 
+12 * 4
+3 * 4
+3 3637 4
+5 * 4
+4 * 4
+4 +3 4
+8 * 4
+5 * 4
+3 * 4
+5 * 4
+3 * 4
+4 * 4
+4 * 4
+8 * 4
+8 * 4
+9 * 4
+9 +77 4
+4 +1 4
+7 -1 4
+4 * 4
+3 -1 4
+2 * 4
+5 +2 4
+6 * 4
jcnd=1/4 +18 +4 
* * 
+2 -2 4
+7 * 4
+4 * 4
+5 +6 4
+8 * 4
+4 +73 4
+5 * 4
+5 * 4
+3 -67 4
+4 * 4
+3 * 4
jcnd=5/4 0x98268 3917 
* * 
0x98268 3917 4
+7 * 4
jcnd=5/4 +37 +73 
* * 
+37 +73 4
+4 * 4
+3 +1 4
+2 +1 4
+2 -1 4
+5 +1 4
+3 +1 4
+2 * 4
+7 +1 4
+5 * 4
+2 * 4
+9 +5 4
+2 * 4
jcnd=6/4 0x98470 +4 
* * 
0x98470 +4 4
+3 * 4
+3 * 4
jcnd=1/4 +63 4103 
* * 
+2 +3 4
+2 * 4
+7 * 4
+2 * 4
+6 -3 4
+3 * 4
+3 * 4
+2 +3 4
+2 * 4
+7 * 4
+2 * 4
+6 -3 4
+3 * 4
jcnd=2/4 +16 4103 
* * 
+2 +3 3
+6 * 3
+2 * 3
+6 +97 4
+4 +1 4
+4 * 4
+4 +2 4
+7 * 4
+6 +3 4
+4 * 4
+3 * 4
jcnd=5/4 0x98735 +5 
* * 
0x98735 +5 4
+7 -3 4
+3 +1 4
+4 * 4
+5 +2 4
+3 -1 4
+4 +1 4
+3 +2 4
+4 +3 4
+4 -5 4
+3 * 4
+4 * 4
+3 * 4
+4 * 4
+4 +2 4
+4 1868 4
+6 * 4
+2 * 4
jcnd=5/4 0x97e42 4147 
* * 

fl=(174)
fn=(1340)
0x18ba70 167 2
+4 +1 2
+4 * 2
+3 * 2
+5 +5 2
+4 +1 2
+6 +1 2
+4 +1 2
jcnd=2/2 +16 +8 
* * 
+16 +8 2
+7 +1 2
+2 +3 2
+7 +1 2
jcnd=2/2 +27 +10 
* * 
+23 +6 1
+3 +1 1
+1 +3 2
+7 +1 2
+4 +1 2
+4 +1 2
+6 +1 2
+5 +1 2
+6 +1 2
+5 +1 2
+6 +1 2
+5 +1 2
+6 +1 2
+3 +1 2
+4 +1 2
+3 +1 2
jcnd=1/2 -68 -17 
* * 
+2 +2 2
+4 +1 2
+5 +1 2
+5 +1 2
+5 +1 2
+7 +1 2
+3 +1 2
jcnd=1/2 -29 -6 
* * 
+2 +1 1
+3 +1 1

fl=(170)
fn=(1320)
0x76890 1289 2
+4 * 2
+1 * 2
+3 * 2
+2 * 2
+2 * 2
+3 * 2
+2 * 2
+3 * 2
+2 * 2
+3 * 2
+1 * 2
+7 * 2
+6 * 2
+9 * 2
+4 * 2
+2 +31 2
+7 * 2
+3 * 2
+6 +8 2
+6 * 2
+2 * 2
jcnd=1/2 0x76b20 * 
* * 
+6 * 1
+10 +4 1
+4 * 1
+4 * 1
-8 * 1
+4 * 1
+4 * 1
+6 * 2
+3 * 2
+6 +11 2
+3 * 2
+3 * 2
jcnd=1/2 0x76d40 +3 
* * 
+6 +11 1
+5 * 1
fi=(187) /build/glibc-sMfBJT/glibc-2.31/stdio-common/printf-parse.h
+4 111 1
+5 * 1
fe=(170)
+3 1354 1
+7 * 1
fi=(187)
+7 111 1
cob=(2)
cfi=(18)
cfn=(1322)
calls=1 0x4a99390 0 
* * 21
fe=(170)
+5 1369 1
+7 * 1
fi=(187)
+10 111 1
fe=(170)
+7 1369 1
fi=(172) /build/glibc-sMfBJT/glibc-2.31/stdio-common/../libio/libioP.h
+6 941 1
fe=(170)
+7 1373 1
fi=(172)
+8 941 1
+7 * 1
+3 +2 1
+7 -2 1
+7 * 1
+3 +2 1
+3 * 1
+3 +1 1
+3 * 1
fe=(170)
+6 1373 1
+7 * 1
+3 * 1
+3 * 1
+3 * 1
+3 * 1
cfi=(168)
cfn=(1328)
calls=1 0x91fe0 371 
* * 5
+3 * 1
+3 * 1
+6 * 1
+7 * 1
+6 +4 1
+7 -4 1
+3 +4 1
+3 * 1
+6 +4 1
+7 * 1
+7 * 1
+3 * 1
+6 * 1
+8 * 1
+6 * 1
+8 * 1
+6 -57 1
+10 1687 1
+6 1358 1
+10 -8 1
+11 1687 1
+2 * 1
+2 * 1
+3 * 1
+3 * 1
+6 * 1
+3 * 1
+6 * 1
+6 * 1
+3 1423 1
+5 * 1
+4 * 1
+4 * 1
+2 * 1
-15 * 7
+5 * 7
+4 * 7
+4 * 7
+2 * 7
+6 * 8
+4 * 8
+7 -3 8
+4 -5 8
+10 +8 8
+3 -11 8
+6 * 8
+7 -1 8
+10 +12 8
+2 -13 8
+10 +13 8
+5 -14 8
+10 -1 8
+10 * 8
+4 * 8
+7 -1 8
+10 -1 8
+10 * 8
+3 -1 8
+10 -1 8
+10 -1 8
+10 -1 8
+10 +17 8
+11 -3 8
+7 +4 8
+7 * 8
jump=1 0x77a40 +17 
* * 
jump=1 0x77940 1687 
* * 
jump=6 0x77050 1721 
* * 
+11 -92 1
+3 * 1
jcnd=1/1 0x768ee +4 
* * 
+99 1741 1
+8 * 1
jcnd=1/1 +25 +1 
* * 
+25 +1 1
+6 * 1
+2 * 1
jcnd=1/1 +47 +3 
* * 
+47 +3 2
+4 * 2
+9 * 2
+6 * 2
+4 * 2
+3 * 2
+1 * 2
+2 * 2
+2 * 2
+2 * 2
+2 * 2
+1 * 2
0x76d40 1346 1
+6 * 1
+3 * 1
+3 * 1
+3 * 1
cfn=(1348) buffered_vfprintf
calls=1 0x79e10 2345 
* * 793
+5 * 1
+3 * 1
jump=1 0x76bde 1745 
* * 
0x76f90 1705 8
+7 +2 8
+8 * 8
+6 +8 8
fi=(187)
+4 111 8
+5 * 8
+7 * 8
+3 * 8
+7 * 8
cob=(2)
cfi=(18)
cfn=(1322)
calls=8 0x4a99390 0 
* * 176
fe=(170)
+5 1719 8
+7 * 8
fi=(187)
+7 111 8
fe=(170)
+3 1719 8
+3 * 8
+6 * 8
fi=(172)
+8 943 8
+3 * 8
+7 +1 8
+7 * 8
fe=(170)
+6 1719 8
+3 * 8
+7 * 8
+3 * 8
+3 * 8
+3 * 8
+3 * 8
cfi=(168)
cfn=(1328)
calls=8 0x91fe0 371 
* * 356
+3 * 8
+3 * 8
+6 * 8
+7 * 8
+5 * 8
+3 * 8
+2 * 8
+3 * 8
+6 * 8
+3 +2 8
+3 * 8
jcnd=7/8 0x76a45 1423 
* * 
+6 * 1
jump=1 0x76b86 +20 
* * 
+11 * 6
+4 -33 6
+3 * 6
+3 * 6
jcnd=3/6 0x78970 * 
* * 
+6 * 3
+2 * 3
+3 * 3
+4 * 3
+3 * 3
+3 * 3
+3 * 3
-6 * 3
+3 * 3
+3 * 3
+6 * 6
+6 * 6
+2 * 6
+6 * 6
+4 * 6
+6 * 6
+4 * 6
jcnd=6/6 0x78d28 * 
* * 
+38 * 6
+10 * 6
+7 * 6
+3 * 6
+2 * 6
+7 * 6
+7 * 6
+6 * 6
+6 * 6
+3 * 6
+6 * 6
fi=(172)
+8 943 6
+3 * 6
+7 +1 6
+7 * 6
+6 * 6
fe=(170)
+7 1688 6
+3 * 6
+3 * 6
+3 * 6
+7 * 6
cfi=(168)
cfn=(1328)
calls=6 0x91fe0 371 
* * 1464
+3 * 6
+3 * 6
+6 * 6
+7 * 6
+5 * 6
+7 * 6
+3 * 6
+2 * 6
+3 * 6
+6 * 6
+3 * 6
jump=6 0x76f90 +17 
* * 
0x7750e -1 1
+6 * 1
+3 * 1
+2 * 1
jcnd=1/1 0x782c0 * 
* * 
+67 * 1
+3 * 1
jcnd=1/1 0x78430 +1 
* * 
+22 * 1
+2 * 1
+6 * 1
+4 * 1
+7 * 1
+7 * 1
+3 * 1
+7 * 1
+7 * 1
cfi=(173)
cfn=(1330)
calls=1 0x5b610 165 
* * 54
+5 * 1
+7 * 1
+7 * 1
+7 * 1
+3 * 1
+3 * 1
+2 * 1
+6 * 1
+2 * 1
jcnd=1/1 +62 * 
* * 
+62 * 1
+7 * 1
+2 * 1
+6 * 1
+2 * 1
jcnd=1/1 +51 * 
* * 
+51 * 1
+7 * 1
+3 * 1
+3 * 1
jcnd=1/1 0x78250 * 
* * 
+73 * 1
+7 * 1
jcnd=1/1 +10 * 
* * 
+10 * 1
+6 * 1
+6 * 1
+6 * 1
jcnd=1/1 0x78470 * 
* * 
+81 * 1
+8 * 1
+2 * 1
+7 * 1
jcnd=1/1 +98 * 
* * 
+98 * 1
+3 * 1
+2 * 1
+6 * 1
+3 * 1
+6 * 1
fi=(172)
+8 943 1
+3 * 1
+7 +1 1
+7 * 1
fe=(170)
+6 1687 1
+7 * 1
+3 * 1
+3 * 1
+3 * 1
+7 * 1
+7 * 1
cfi=(168)
cfn=(1328)
calls=1 0x91fe0 371 
* * 69
+3 * 1
+7 * 1
+3 * 1
+6 * 1
+7 * 1
+5 * 1
+7 * 1
+3 * 1
+2 * 1
+3 * 1
+6 * 1
+7 * 1
jump=1 0x76f90 +18 
* * 
0x77940 * 1
+4 * 1
+10 * 1
jump=1 0x7750e * 
* * 
0x77a40 1437 1
+4 1687 1
+6 * 1
+2 * 1
jcnd=1/1 +16 * 
* * 
+16 * 1
+6 * 1
+3 * 1
+2 * 1
jcnd=1/1 0x78a68 * 
* * 
0x78250 * 1
+8 * 1
+6 * 1
+7 * 1
+3 * 1
+7 * 1
jcnd=1/1 +28 * 
* * 
+28 * 1
+5 * 1
+3 * 1
+4 * 1
+6 * 1
+3 * 1
+2 * 1
+6 * 1
+6 * 1
+6 * 1
+2 * 1
+2 * 1
+2 * 1
jump=1 0x776a2 * 
* * 
+6 * 1
+6 * 1
+2 * 1
jcnd=1/1 0x78828 * 
* * 
0x78430 +1 1
+5 * 1
jump=1 0x77575 -1 
* * 
+59 -1 1
+7 * 1
+6 * 1
+2 * 1
jcnd=1/1 0x79d57 * 
* * 
0x78828 * 1
+6 * 1
+2 * 1
+6 * 1
+3 * 1
+6 * 1
+2 * 1
+3 * 1
+4 * 1
+3 * 1
+10 * 1
+2 * 1
+10 * 1
+7 * 1
+10 * 1
jump=1 0x7755c * 
* * 
0x78970 +1 3
+4 * 3
+4 * 3
+4 * 3
jump=3 0x7706c * 
* * 
0x78a68 -1 1
+6 * 1
+2 * 1
jcnd=1/1 0x790a4 * 
* * 
0x78d28 +1 6
+3 * 6
+7 * 6
+7 * 6
+7 * 6
cob=(2)
cfi=(18)
cfn=(862)
calls=6 0x4a99460 0 
* * 166
+5 * 6
jump=6 0x770ba * 
* * 
0x790a4 -1 1
+7 * 1
+3 * 1
+6 * 1
+3 * 1
jcnd=1/1 0x798f4 * 
* * 
+18 * 1
+3 * 1
+3 * 1
jump=1 0x76f90 +18 
* * 
0x798f4 * 1
+4 * 1
+4 * 1
+4 * 1
jump=1 0x790c9 * 
* * 
0x79d57 * 1
+2 * 1
jump=1 0x77716 * 
* * 

fn=(1321) __vfprintf_internal'2
0x76890 1289 1
+4 * 1
+1 * 1
+3 * 1
+2 * 1
+2 * 1
+3 * 1
+2 * 1
+3 * 1
+2 * 1
+3 * 1
+1 * 1
+7 * 1
+6 * 1
+9 * 1
+4 * 1
+2 +31 1
+7 * 1
+3 * 1
+6 +8 1
+6 * 1
+2 * 1
jcnd=1/1 0x76b20 * 
* * 
+16 +4 1
+4 * 1
+4 * 1
+6 * 1
+3 * 1
+6 +11 1
+3 * 1
+3 * 1
+6 +11 1
+5 * 1
fi=(187)
+4 111 1
+5 * 1
fe=(170)
+3 1354 1
+7 * 1
fi=(187)
+7 111 1
cob=(2)
cfi=(18)
cfn=(1322)
calls=1 0x4a99390 0 
* * 25
fe=(170)
+5 1369 1
+7 * 1
fi=(187)
+10 111 1
fe=(170)
+7 1369 1
fi=(172)
+6 941 1
fe=(170)
+7 1373 1
fi=(172)
+8 941 1
+7 * 1
+3 +2 1
+7 -2 1
+7 * 1
+3 +2 1
+3 * 1
+3 +1 1
+3 * 1
fe=(170)
+6 1373 1
+7 * 1
+3 * 1
+3 * 1
+3 * 1
+3 * 1
cfi=(168)
cfn=(1328)
calls=1 0x91fe0 371 
* * 5
+3 * 1
+3 * 1
+6 * 1
+7 * 1
+6 +4 1
+7 -4 1
+3 +4 1
+3 * 1
+6 +4 1
+7 * 1
+7 * 1
+3 * 1
+6 * 1
+8 * 1
+6 * 1
+8 * 1
+6 -57 1
+10 1687 1
+6 1358 1
+10 -8 1
+11 1687 1
+2 * 1
+2 * 1
+3 * 1
+3 * 1
+6 * 1
+3 * 1
+6 * 1
+6 * 1
+3 1423 1
+5 * 1
+4 * 1
+4 * 1
+2 * 1
+6 * 1
+4 * 1
+7 -3 1
+4 -5 1
+10 +8 1
+3 -11 1
+6 * 1
+7 -1 1
+10 +12 1
+2 -13 1
+10 +13 1
+5 -14 1
+10 -1 1
+10 * 1
+4 * 1
+7 -1 1
+10 -1 1
+10 * 1
+3 -1 1
+10 -1 1
+10 -1 1
+10 -1 1
+10 +17 1
+11 -3 1
+7 +4 1
+7 * 1
jump=1 0x77050 1721 
* * 
+11 -92 1
+3 * 1
jcnd=1/1 0x768ee +4 
* * 
+99 1741 1
+8 * 1
jcnd=1/1 +25 +1 
* * 
+25 +1 1
+6 * 1
+2 * 1
jcnd=1/1 +47 +3 
* * 
+47 +3 1
+4 * 1
+9 * 1
+6 * 1
+4 * 1
+3 * 1
+1 * 1
+2 * 1
+2 * 1
+2 * 1
+2 * 1
+1 * 1
0x76f90 -40 1
+7 +2 1
+8 * 1
+6 +8 1
fi=(187)
+4 111 1
+5 * 1
+7 * 1
+3 * 1
+7 * 1
cob=(2)
cfi=(18)
cfn=(1322)
calls=1 0x4a99390 0 
* * 21
fe=(170)
+5 1719 1
+7 * 1
fi=(187)
+7 111 1
fe=(170)
+3 1719 1
+3 * 1
+6 * 1
fi=(172)
+8 943 1
+3 * 1
+7 +1 1
+7 * 1
fe=(170)
+6 1719 1
+3 * 1
+7 * 1
+3 * 1
+3 * 1
+3 * 1
+3 * 1
cfi=(168)
cfn=(1328)
calls=1 0x91fe0 371 
* * 5
+3 * 1
+3 * 1
+6 * 1
+7 * 1
+5 * 1
+3 * 1
+2 * 1
+3 * 1
+6 * 1
+3 +2 1
+3 * 1
+6 * 1
jump=1 0x76b86 +20 
* * 
+11 * 1
+4 -33 1
+3 * 1
+3 * 1
+6 * 1
+2 * 1
+3 * 1
+4 * 1
+3 * 1
+3 * 1
+3 * 1
+6 * 1
+6 * 1
+2 * 1
+6 * 1
+4 * 1
+6 * 1
+4 * 1
jcnd=1/1 0x78d28 * 
* * 
+38 * 1
+10 * 1
+7 * 1
+3 * 1
+2 * 1
+7 * 1
+7 * 1
+6 * 1
+6 * 1
+3 * 1
+6 * 1
fi=(172)
+8 943 1
+3 * 1
+7 +1 1
+7 * 1
+6 * 1
fe=(170)
+7 1688 1
+3 * 1
+3 * 1
+3 * 1
+7 * 1
cfi=(168)
cfn=(1328)
calls=1 0x91fe0 371 
* * 109
+3 * 1
+3 * 1
+6 * 1
+7 * 1
+5 * 1
+7 * 1
+3 * 1
+2 * 1
+3 * 1
+6 * 1
+3 * 1
jump=1 0x76f90 +17 
* * 
0x78d28 * 1
+3 * 1
+7 * 1
+7 * 1
+7 * 1
cob=(2)
cfi=(18)
cfn=(862)
calls=1 0x4a99460 0 
* * 82
+5 * 1
jump=1 0x770ba * 
* * 

fn=(1348)
0x79e10 2345 1
+2 * 1
+2 * 1
+2 * 1
+1 * 1
+1 * 1
+7 * 1
+5 * 1
+7 * 1
+5 * 1
+7 * 1
+9 * 1
+8 * 1
+2 +8 1
+6 -8 1
+3 +8 1
+2 * 1
jcnd=1/1 0x7a060 * 
* * 
+16 * 1
+8 +24 1
+5 -20 1
+8 * 1
+5 +6 1
+8 +1 1
+11 -1 1
+5 +10 1
+3 -10 1
+4 +3 1
+8 +7 1
+7 +1 1
+7 -3 1
+12 +3 1
+8 -11 1
+5 +14 1
cfn=(1321)
calls=1 0x76890 1289 
* * 478
+5 +3 1
+6 -3 1
+3 +3 1
+2 * 1
+6 * 1
+7 +1 1
+2 -1 1
+5 * 1
+4 +1 1
+6 * 1
+6 * 1
+7 * 1
+9 * 1
+4 * 1
jcnd=1/1 +37 +12 
* * 
+37 +12 1
+5 * 1
+5 -12 1
+4 +12 1
+3 * 1
+3 * 1
+2 * 1
+2 +2 1
fi=(172)
+7 941 1
+7 * 1
+7 * 1
+3 +2 1
+3 * 1
+3 +1 1
+3 * 1
fe=(170)
+6 2395 1
+3 * 1
+3 * 1
cfi=(177)
cfn=(1350) _IO_file_xsputn@@GLIBC_2.2.5
calls=1 0x8f600 1198 
* * 225
+4 +1 1
+3 * 1
+5 * 1
+4 +5 1
+6 * 1
+2 * 1
+7 * 1
+3 * 1
+3 * 1
+3 * 1
jcnd=1/1 +29 +1 
* * 
+29 +1 1
+2 * 1
jcnd=1/1 +29 +3 
* * 
+29 +3 1
+8 * 1
+9 * 1
+6 * 1
+7 * 1
+3 * 1
+1 * 1
+1 * 1
+2 * 1
+2 * 1
+2 * 1
+84 -52 1
+3 * 1
jcnd=1/1 0x79e65 * 
* * 

fl=(161)
fn=(1284)
0x35870 485 1
+4 * 1
+1 * 1
+3 * 1
+2 * 1
+2 * 1
+2 * 1
+2 * 1
+1 * 1
+7 * 1
+7 * 1
+6 * 1
+7 * 1
+7 * 1
+9 * 1
+4 * 1
+2 +9 1
+11 +14 1
+3 * 1
+6 * 1
+3 +4 1
+4 * 1
+6 * 1
+4 * 1
+6 +9 1
+7 +4 1
+7 * 1
+3 -4 1
+3 * 1
+6 +4 1
+3 * 1
jcnd=1/1 +70 +22 
* * 
+70 +22 1
+6 -13 1
+3 * 1
+8 +11 1
+4 -1 1
+8 +7 1
+2 -5 1
+4 +1 1
+3 +4 1
cfi=(162) /build/glibc-sMfBJT/glibc-2.31/locale/localename.c
cfn=(1286) __current_locale_name
calls=1 0x33d80 24 
* * 6
+5 +16 1
+6 -16 1
+7 +9 1
+4 +7 1
+2 * 1
jcnd=1/1 +31 +2 
* * 
+31 +2 1
+4 * 1
+7 * 1
+7 * 1
cfi=(163) /build/glibc-sMfBJT/glibc-2.31/misc/tsearch.c
cfn=(1288) tfind
calls=1 0x119fe0 373 
* * 22
+5 +2 1
+6 -2 1
+7 +2 1
+2 * 1
jcnd=1/1 +31 +2 
* * 
+31 +2 1
+7 * 1
+3 * 1
jcnd=1/1 +23 +28 
* * 
+23 +28 1
+7 * 1
+3 * 1
+3 * 1
+6 * 1
+10 +15 1
+7 * 1
fi=(188) /build/glibc-sMfBJT/glibc-2.31/intl/../include/../locale/localeinfo.h
+7 206 1
+7 * 1
+7 * 1
+4 * 1
+3 * 1
+7 * 1
fe=(161)
+4 1539 1
cfi=(162)
cfn=(1286)
calls=1 0x33d80 24 
* * 6
+5 +29 1
+3 -29 1
+3 +29 1
+6 * 1
+4 * 1
+6 650 1
+3 * 1
cob=(2)
cfi=(18)
cfn=(862)
calls=1 0x4a99460 0 
* * 18
+5 +1 1
+3 -1 1
+7 +1 1
cob=(2)
cfi=(18)
cfn=(862)
calls=1 0x4a99460 0 
* * 18
+5 * 1
+7 * 1
+5 * 1
+3 * 1
+3 * 1
+6 * 1
+3 * 1
+4 * 1
+3 * 1
+3 * 1
jcnd=1/1 +23 * 
* * 
+23 * 1
+6 * 1
+3 * 1
+3 * 1
+2 * 1
+6 * 1
+5 +4 1
+3 * 1
+6 -4 1
+4 +4 1
+3 -4 1
+7 +4 1
cob=(2)
cfi=(18)
cfn=(1290)
calls=1 0x4a993b0 0 
* * 28
+5 * 1
+7 * 1
+3 * 1
+4 * 1
+4 * 1
cob=(2)
cfi=(18)
cfn=(1294)
calls=1 0x4a995a0 0 
* * 19
+5 +5 1
+3 -5 1
+6 +5 1
cob=(2)
cfi=(18)
cfn=(862)
calls=1 0x4a99460 0 
* * 18
+5 * 1
+3 * 1
+4 * 1
+3 * 1
+6 * 1
+3 * 1
+4 * 1
+3 * 1
+3 * 1
jcnd=1/1 +23 * 
* * 
+23 * 1
+6 * 1
+3 * 1
+3 * 1
+2 * 1
+6 * 1
+5 * 1
+7 * 1
+3 * 1
+4 * 1
+3 * 1
+4 +9 1
+3 * 1
+2 * 1
+6 +2 1
+2 * 1
jcnd=1/1 0x35fe0 -11 
* * 
+17 +25 1
+5 * 1
+2 * 1
+5 * 1
jcnd=1/1 0x35e30 833 
* * 
0x35e30 833 1
+7 * 1
cob=(2)
cfi=(18)
cfn=(1300)
calls=1 0x4a99330 0 
* * 12
+5 +2 1
+6 * 1
+2 * 1
jcnd=1/1 +70 +17 
* * 
+70 +17 1
+7 * 1
+6 * 1
+3 +4 1
+8 * 1
+2 * 1
+6 * 1
+2 * 1
+2 * 1
+3 +1 1
+4 * 1
+9 * 1
+6 * 1
+4 * 1
+3 * 1
+1 * 1
+2 * 1
+2 * 1
+2 * 1
+2 * 1
+1 * 1
0x35fe0 660 1
+3 * 1
+5 +24 1
+4 * 1
+2 * 1
+4 -1 1
+3 * 1
+2 * 1
jcnd=1/1 +6 +6 
* * 
+6 +6 1
+7 -4 1
+3 +4 1
+3 * 1
+3 * 1
jcnd=1/1 0x35b96 +7 
* * 

fl=(183) /build/glibc-sMfBJT/glibc-2.31/stdlib/abort.c
fn=(1380) abort
0x2272e 49 1
+4 * 1
+1 +5 1
+9 -5 1
+7 * 1
+9 * 1
+8 * 1
+2 +5 1
+7 * 1
+2 * 1
+8 * 1
+2 * 1
fi=(132) /build/glibc-sMfBJT/glibc-2.31/stdlib/../sysdeps/unix/sysv/linux/x86/lowlevellock.h
+2 -7 1
+5 * 1
+7 +4 1
jfi=(183)
jump=1 +31 +3 
* * 
fe=(183)
+31 +3 1
+7 * 1
+6 +5 1
+7 * 1
+2 +2 1
+10 +1 1
+5 * 1
+3 * 1
+3 * 1
+4 * 1
-10 * 16
+3 * 16
+3 * 16
+4 * 16
jcnd=1/16 +12 +2 
* * 
+2 * 16
+8 * 16
jump=16 -20 * 
* * 
+2 +2 1
+2 * 1
+5 -1 1
+5 +1 1
cfi=(184)
cfn=(1384)
calls=1 0x432f0 -40 
* * 24
+5 +4 1
+6 * 1
+3 * 1
+6 +8 1
+10 +1 1
+6 * 1
+2 * 1
+6 * 1
+2 * 1
+11 * 1
+8 * 1
+2 * 1
+2 * 1
+6 * 1
jump=1 +39 +2 
* * 
+39 +2 1
+5 * 1
cfi=(185)
cfn=(1386)
calls=1 0x42f70 -51 
* * 35

fl=(179) /build/glibc-sMfBJT/glibc-2.31/io/../sysdeps/unix/sysv/linux/write.c
fn=(1362) write
0x10e090 25 1
+4 +1 1
+8 * 1
+2 * 1
+2 * 1
+5 * 1
+2 * 1
+6 * 1
+2 +1 1

fl=(159)
fn=(1280)
0x33fc0 100 1
+4 * 1
+2 * 1
+3 +1 1
+5 -1 1
+2 * 1
+3 +1 1
+7 -1 1
+1 * 1
+3 +1 1
+7 -1 1
+1 * 1
+3 * 1
+4 +1 1
cfi=(160)
cfn=(1282)
calls=1 0x34a50 -55 
* * 331
+5 * 1
+3 * 1
+3 * 1
+3 * 1
+3 * 1
+3 * 1
cfn=(1304) __assert_fail_base
calls=1 0x33e40 -52 
* * 5696

fn=(1304)
0x33e40 49 1
+4 * 1
+2 * 1
+3 * 1
+2 * 1
+3 * 1
+2 * 1
+3 * 1
+1 * 1
+3 * 1
+1 * 1
+3 * 1
+4 * 1
+9 * 1
+5 * 1
+2 +4 1
+6 * 1
+2 * 1
jcnd=1/1 +31 +4 
* * 
+31 +4 1
+7 * 1
+3 * 1
+6 +1 1
+7 -1 1
+5 * 1
+3 * 1
+3 * 1
+7 * 1
+7 +1 1
+3 -1 1
+3 * 1
+4 * 1
+5 * 1
+1 * 1
+3 * 1
+2 * 1
+1 * 1
+2 * 1
+1 * 1
cfi=(166)
cfn=(1306)
calls=1 0x61f20 -31 
* * 4186
+5 * 1
+4 * 1
+2 * 1
+6 +7 1
+5 * 1
+7 * 1
+2 * 1
+2 * 1
cfi=(175) /build/glibc-sMfBJT/glibc-2.31/stdio-common/fxprintf.c
cfn=(1342) __fxprintf
calls=1 0x81930 +15 
* * 941
+5 +1 1
+7 * 1
+3 * 1
cfi=(180)
cfn=(1364)
calls=1 0x82370 -33 
* * 71
+5 +2 1
+4 +1 1
+3 * 1
+4 -1 1
+7 +1 1
+5 * 1
+5 * 1
+2 -1 1
+4 * 1
+2 * 1
+2 * 1
+2 * 1
+4 +1 1
+3 * 1
cfi=(182)
cfn=(1372)
calls=1 0x1188f0 -20 
* * 20
+5 * 1
+3 +2 1
+4 * 1
+6 +2 1
+4 +1 1
+5 * 1
+4 -1 1
+2 +1 1
cob=(2)
cfi=(18)
cfn=(1374)
calls=1 0x4a994e0 -73 
* * 116
+5 +4 1
+3 * 1
+7 +2 1
+3 * 1
cfn=(1378) __assert_fail_base.cold
calls=1 0x2271a +4 
* * 287

fn=(1378)
0x2271a 83 1
+5 * 1
cob=(2)
cfi=(18)
cfn=(1300)
calls=1 0x4a99330 -83 
* * 84
+5 +9 1
cfi=(183)
cfn=(1380)
calls=1 +10 -43 
* * 200

fl=(163)
fn=(1288)
0x119fe0 373 1
+4 * 1
+2 * 1
+2 * 1
+1 * 1
+1 * 1
+4 +4 1
+3 * 1
+2 +6 1
+3 * 1
+3 * 1
+3 * 1
+4 * 1
+2 * 1
jump=1 +62 +12 
* * 
+62 +12 1
+4 -17 1
+3 +17 1
+1 * 1
+3 * 1
+1 * 1
+2 * 1
+2 * 1

fl=(175)
fn=(1346) locked_vfxprintf
0x81650 29 1
+1 * 1
+3 * 1
+2 * 1
+3 * 1
+2 * 1
+3 * 1
+2 * 1
+3 * 1
+3 * 1
+2 * 1
+1 * 1
+4 * 1
+4 * 1
+9 * 1
+4 * 1
+2 +1 1
+7 * 1
+2 * 1
jcnd=1/1 0x81780 +1 
* * 
0x81739 +33 1
+4 * 1
+9 * 1
+6 * 1
+4 * 1
+1 * 1
+2 * 1
+2 * 1
+2 * 1
+2 * 1
+1 * 1
+38 -32 1
+3 * 1
cfi=(170)
cfn=(1320)
calls=1 0x76890 1289 
* * 843
+5 * 1
jump=1 -79 +32 
* * 

fn=(1342)
0x81930 79 1
+4 * 1
+1 * 1
+1 * 1
+3 * 1
+7 * 1
+5 * 1
+5 * 1
+5 * 1
+5 * 1
+2 * 1
jcnd=1/1 +60 * 
* * 
+60 * 1
+9 * 1
+5 * 1
+2 +2 1
+8 * 1
+8 * 1
+5 * 1
+5 * 1
+8 * 1
+5 -12 1
+3 * 1
jcnd=1/1 0x81a80 +1 
* * 
+6 +2 1
+2 * 1
+6 * 1
+2 * 1
+7 * 1
+9 * 1
+4 * 1
+2 * 1
+8 * 1
+2 * 1
fi=(176) /build/glibc-sMfBJT/glibc-2.31/stdio-common/../sysdeps/unix/sysv/linux/x86/lowlevellock.h
+6 -24 1
+5 * 1
fe=(175)
+3 +24 1
+7 * 1
+4 * 1
+4 +1 1
+5 * 1
+2 * 1
+3 * 1
cfn=(1346)
calls=1 0x81650 -43 
* * 876
+5 * 1
+3 +1 1
+6 * 1
+2 * 1
+7 * 1
+3 * 1
+3 * 1
+3 * 1
+2 * 1
+8 * 1
+8 * 1
+2 * 1
+2 * 1
+3 +12 1
+5 * 1
+9 * 1
+2 * 1
+7 * 1
+3 * 1
+1 * 1
+1 * 1
+8 -15 1
+7 * 1
+3 * 1
jump=1 0x819d2 +1 
* * 

fl=(162)
fn=(1286)
0x33d80 24 2
+4 +1 2
+7 * 2
+3 * 2
+4 * 2
+8 +1 2

fl=(177)
fn=(1352) _IO_file_overflow@@GLIBC_2.2.5
0x90db0 732 1
+4 * 1
+2 * 1
+1 * 1
+3 * 1
+1 +1 1
+2 * 1
+2 * 1
+6 * 1
+2 +7 1
+4 * 1
+3 * 1
jcnd=1/1 +82 +3 
* * 
+82 +3 1
+3 * 1
jcnd=1/1 0x90f58 +2 
* * 
+10 +12 1
+3 * 1
+6 +9 1
+4 * 1
+3 * 1
+6 * 1
+5 +5 1
+5 * 1
+5 +2 1
+2 -2 1
+5 +2 1
+3 -2 1
+4 * 1
+3 +2 1
+3 +1 1
+6 -3 1
+4 * 1
+5 * 1
+4 * 1
+4 +3 1
+2 * 1
+6 * 1
+5 * 1
+6 +1 1
+4 +2 1
+3 * 1
+6 +13 1
+1 -12 1
+3 +1 1
+3 +11 1
+1 * 1
+2 -12 1
cfn=(1356) _IO_do_write@@GLIBC_2.2.5
calls=1 0x908d0 424 
* * 5
0x90f58 -31 1
+3 * 1
cfi=(168)
cfn=(1354)
calls=1 0x91eb0 343 
* * 26
+5 +1 1
+4 * 1
+3 * 1
+4 * 1
+4 * 1
+4 * 1
jump=1 0x90e2d +9 
* * 

fn=(1356)
0x908d0 424 1
+4 +2 1
+2 * 1
+3 * 1
+2 +1 1

fn=(1368)
0x8e3f0 793 1
+4 * 1
+1 * 1
+1 * 1
+3 * 1
+4 +5 1
+4 * 1
+4 * 1
+3 * 1
jcnd=1/1 +56 +2 
* * 
+56 +2 1
+4 +1 1
+4 * 1
jcnd=1/1 +65 +11 
* * 
+65 +11 1
+11 * 1
+2 +4 1
+4 * 1
+1 * 1
+1 * 1

fn=(1360) _IO_file_write@@GLIBC_2.2.5
0x8ee90 1174 1
+4 * 1
+2 * 1
+3 * 1
+2 * 1
+1 * 1
+1 * 1
+4 +2 1
+3 * 1
+6 * 1
+3 * 1
+3 * 1
+3 * 1
jump=1 +26 +2 
* * 
+5 +5 1
cfi=(179)
cfn=(1362)
calls=1 0x10e090 25 
* * 9
+5 +1 1
+3 * 1
+2 +5 1
+3 +1 1
+3 -12 1
+3 * 1
jcnd=1/1 +85 +18 
* * 
+2 +2 1
+4 +2 1
+3 * 1
+3 +1 1
+5 * 1
jcnd=1/1 -36 * 
* * 
+31 +10 1
+7 * 1
+3 * 1
jcnd=1/1 +12 +3 
* * 
+12 +3 1
+4 * 1
+1 * 1
+1 * 1
+2 * 1
+2 * 1
+5 * 1
+3 * 1
+3 * 1
jump=1 -43 -3 
* * 

fn=(1350)
0x8f600 1198 1
+4 * 1
+2 * 1
+2 * 1
+2 +7 1
+3 -7 1
+2 * 1
+1 * 1
+1 * 1
+4 +6 1
+3 * 1
+2 * 1
+3 * 1
+3 * 1
+4 * 1
+3 +7 1
+3 * 1
+5 * 1
+5 * 1
+2 +17 1
+4 * 1
+3 * 1
jcnd=1/1 0x8f6b0 +4 
* * 
+58 +40 1
+4 * 1
+3 * 1
+1 * 1
+1 * 1
+2 * 1
+2 * 1
+2 * 1
+2 * 1
+40 -36 1
+3 +12 1
fi=(178)
+7 941 1
+7 * 1
+7 * 1
+3 +2 1
+3 * 1
+3 +1 1
+3 * 1
fe=(177)
+6 1244 1
+5 * 1
+3 * 1
cfn=(1352)
calls=1 0x90db0 732 
* * 85
+3 * 1
+3 * 1
+6 +6 1
+4 * 1
+4 +1 1
+3 * 1
+4 * 1
jcnd=1/1 +13 +2 
* * 
+13 +2 1
+3 * 1
jcnd=1/1 +75 434 
* * 
+2 +11 1
+3 * 1
+3 * 1
jcnd=1/1 0x8f677 +4 
* * 
+67 434 1
+7 * 1
+3 * 1
+3 * 1
+7 * 1
+6 +7 1
+4 * 1
+4 * 1
+3 * 1
jfi=(178)
jcnd=1/1 +66 944 
* * 
fi=(178)
+66 944 1
+3 * 1
fe=(177)
+6 449 1
+4 * 1
+3 * 1
+3 * 1
+3 * 1
cfn=(1360)
calls=1 0x8ee90 1174 
* * 46
+3 +1 1
+4 -1 1
+3 +1 1
+7 * 1
+3 * 1
+2 * 1
+3 * 1
+6 +2 1
+4 +4 1
+6 -4 1
+4 * 1
+4 * 1
+4 +1 1
+4 * 1
+4 +3 1
+2 * 1
jcnd=1/1 0x8f898 -1 
* * 
+10 -2 1
+4 1257 1
+3 * 1
+6 -1 1
+3 * 1
jump=1 0x8f70f +8 
* * 
0x8f898 455 1
+7 * 1
jcnd=1/1 0x8f81e -1 
* * 

totals: 9124
