# callgrind format
version: 1
creator: callgrind-3.15.0
pid: 13801
cmd:  ./basecode.out
part: 1


desc: I1 cache: 
desc: D1 cache: 
desc: LL cache: 

desc: Timerange: Basic block 0 - 52645
desc: Trigger: Program termination

positions: instr line
events: Ir
summary: 427944


ob=(1) /usr/lib/x86_64-linux-gnu/ld-2.31.so
fl=(1) ???
fn=(0) 0x0000000000001100
cob=(5) /home/arunkrishna/EE5332/basefinal/basecode_analysis/basecode.out
cfi=(111) ???
cfn=(348) _start
calls=1 0x10e0 0 
0x1144 0 427944

ob=(3) /usr/lib/x86_64-linux-gnu/libc-2.31.so
fl=(112) /build/glibc-SzIz7B/glibc-2.31/csu/../csu/libc-start.c
fn=(350) (below main)
cob=(5)
cfi=(111)
cfn=(376) main
calls=1 0x26b5 0 
0x24081 308 427944

ob=(5)
fl=(111)
fn=(386) covariancePredictor(float*, float*, float*)
0x2138 0 1
+4 0 1
+1 0 1
+3 0 1
+7 0 1
+7 0 1
+7 0 1
+7 0 1
+9 0 1
+4 0 1
+2 0 1
+7 0 1
+7 0 1
+4 0 1
+2 0 1
+2 0 1
+6 0 1
+6 0 1
+6 0 1
+3 0 1
+5 0 1
+5 0 1
+3 0 1
cfn=(388) amultbtrans(float*, int, int, float*, int, int, float*, int, int)
calls=1 0x1598 0 
* 0 84230
+5 0 1
+4 0 1
+7 0 1
+7 0 1
+4 0 1
+2 0 1
+2 0 1
+7 0 1
+1 0 1
+6 0 1
+6 0 1
+3 0 1
+5 0 1
+5 0 1
+3 0 1
cfn=(390) amultb(float*, int, int, float*, int, int, float*, int, int)
calls=1 0x16ff 0 
* 0 84230
+5 0 1
+4 0 1
+7 0 1
+7 0 1
+4 0 1
+2 0 1
+2 0 1
+6 0 1
+6 0 1
+6 0 1
+3 0 1
+5 0 1
+5 0 1
+3 0 1
cfn=(392) addmats(float*, int, int, float*, int, int, float*, int, int)
calls=1 0x1866 0 
* 0 5321
+5 0 1
+4 0 1
+1 0 1
+4 0 1
+9 0 1
jcnd=1/1 +7 0 
* 0 
+7 0 1
+1 0 1

fn=(402) stateUpdate(float*, float*, float*)
0x245c 0 1
+4 0 1
+1 0 1
+3 0 1
+4 0 1
+4 0 1
+4 0 1
+4 0 1
+9 0 1
+4 0 1
+2 0 1
+4 0 1
+4 0 1
+4 0 1
+4 0 1
+2 0 1
+3 0 1
+6 0 1
+5 0 1
+5 0 1
+3 0 1
cfn=(382) matmultvec(float*, int, float*, int, int, float*, int)
calls=1 0x1308 0 
* 0 2735
+5 0 1
+4 0 1
+4 0 1
+4 0 1
+4 0 1
+6 0 1
+3 0 1
+5 0 1
+5 0 1
+3 0 1
cfn=(384) addvecs(float*, int, float*, int, float*, int)
calls=1 0x1436 0 
* 0 311
+5 0 1
+1 0 1
+4 0 1
+9 0 1
jcnd=1/1 +7 0 
* 0 
+7 0 1
+1 0 1

fn=(378) kalmanIterate(float*, float*, float*, float*, float*, float*, float*, float*, float*, float*, float*)
0x2601 0 1
+4 0 1
+1 0 1
+3 0 1
+4 0 1
+4 0 1
+4 0 1
+4 0 1
+4 0 1
+4 0 1
+4 0 1
+4 0 1
+4 0 1
+4 0 1
+4 0 1
+3 0 1
cfn=(380) statePredictor(float*, float*, float*, float*)
calls=1 0x205e 0 
* 0 8351
+5 0 1
+4 0 1
+4 0 1
+4 0 1
+3 0 1
+3 0 1
cfn=(386)
calls=1 0x2138 0 
* 0 173840
+5 0 1
+4 0 1
+4 0 1
+4 0 1
+4 0 1
+3 0 1
cfn=(394) measurementResidual(float*, float*, float*, float*)
calls=1 0x2247 0 
* 0 2844
+5 0 1
+4 0 1
+4 0 1
+4 0 1
+4 0 1
+3 0 1
cfn=(398) kalmangainCalculator(float*, float*, float*, float*)
calls=1 0x22e1 0 
* 0 106049
+5 0 1
+4 0 1
+4 0 1
+4 0 1
+3 0 1
+3 0 1
cfn=(402)
calls=1 0x245c 0 
* 0 3083
+5 0 1
+4 0 1
+4 0 1
+4 0 1
+3 0 1
+3 0 1
cfn=(404) covarianceUpdate(float*, float*, float*)
calls=1 0x24f2 0 
* 0 133232
+5 0 1
+1 0 1
+1 0 1

fn=(380)
0x205e 0 1
+4 0 1
+1 0 1
+3 0 1
+7 0 1
+4 0 1
+4 0 1
+7 0 1
+7 0 1
+9 0 1
+4 0 1
+2 0 1
+4 0 1
+7 0 1
+4 0 1
+4 0 1
+2 0 1
+3 0 1
+6 0 1
+5 0 1
+5 0 1
+3 0 1
cfn=(382)
calls=1 0x1308 0 
* 0 5255
+5 0 1
+4 0 1
+4 0 1
+7 0 1
+4 0 1
+4 0 1
+2 0 1
+3 0 1
+6 0 1
+5 0 1
+5 0 1
+3 0 1
cfn=(382)
calls=1 0x1308 0 
* 0 2735
+5 0 1
+4 0 1
+4 0 1
+4 0 1
+4 0 1
+6 0 1
+3 0 1
+5 0 1
+5 0 1
+3 0 1
cfn=(384)
calls=1 0x1436 0 
* 0 311
+5 0 1
+1 0 1
+4 0 1
+9 0 1
jcnd=1/1 +7 0 
* 0 
+7 0 1
+1 0 1

fn=(348)
cob=(3)
cfi=(112)
cfn=(350)
calls=1 0x23f90 137 
0x1108 0 427944

fn=(392)
0x1866 0 2
+4 0 2
+1 0 2
+3 0 2
+4 0 2
+4 0 2
+3 0 2
+3 0 2
+4 0 2
+4 0 2
+4 0 2
+3 0 2
+3 0 2
+2 0 2
+3 0 2
+3 0 2
+2 0 2
+3 0 2
+3 0 2
+2 0 2
+3 0 2
+3 0 2
jcnd=2/2 +29 0 
* 0 
+29 0 2
+7 0 2
+3 0 2
+3 0 2
-6 0 18
+3 0 18
+3 0 18
jcnd=2/18 0x1961 0 
* 0 
+6 0 18
+7 0 18
+3 0 18
+3 0 18
-6 0 180
+3 0 180
+3 0 180
jcnd=18/180 0x1958 0 
* 0 
+2 0 180
+3 0 180
+4 0 180
+2 0 180
+3 0 180
+2 0 180
+2 0 180
+8 0 180
+4 0 180
+3 0 180
+4 0 180
+3 0 180
+4 0 180
+2 0 180
+3 0 180
+2 0 180
+2 0 180
+8 0 180
+4 0 180
+3 0 180
+4 0 180
+3 0 180
+4 0 180
+2 0 180
+3 0 180
+2 0 180
+2 0 180
+8 0 180
+4 0 180
+3 0 180
+4 0 180
+4 0 180
+4 0 180
jump=180 0x18dd 0 
* 0 
+2 0 18
+4 0 18
jump=18 0x18ca 0 
* 0 
+5 0 2
+1 0 2
+1 0 2

fn=(394)
0x2247 0 1
+4 0 1
+1 0 1
+3 0 1
+4 0 1
+4 0 1
+4 0 1
+4 0 1
+4 0 1
+9 0 1
+4 0 1
+2 0 1
+4 0 1
+4 0 1
+4 0 1
+4 0 1
+2 0 1
+3 0 1
+6 0 1
+5 0 1
+5 0 1
+3 0 1
cfn=(382)
calls=1 0x1308 0 
* 0 2639
+5 0 1
+4 0 1
+4 0 1
+4 0 1
+4 0 1
+6 0 1
+3 0 1
+5 0 1
+5 0 1
+3 0 1
cfn=(396) subvecs(float*, int, float*, int, float*, int)
calls=1 0x14e7 0 
* 0 167
+5 0 1
+1 0 1
+4 0 1
+9 0 1
jcnd=1/1 +7 0 
* 0 
+7 0 1
+1 0 1

fn=(396)
0x14e7 0 1
+4 0 1
+1 0 1
+3 0 1
+4 0 1
+4 0 1
+3 0 1
+4 0 1
+3 0 1
+4 0 1
+4 0 1
+3 0 1
+3 0 1
+2 0 1
+3 0 1
+3 0 1
jcnd=1/1 +29 0 
* 0 
+29 0 1
+7 0 1
+3 0 1
+3 0 1
-6 0 6
+3 0 6
+3 0 6
jcnd=1/6 +84 0 
* 0 
+2 0 6
+3 0 6
+2 0 6
+8 0 6
+4 0 6
+3 0 6
+4 0 6
+3 0 6
+2 0 6
+8 0 6
+4 0 6
+3 0 6
+4 0 6
+3 0 6
+2 0 6
+8 0 6
+4 0 6
+3 0 6
+4 0 6
+4 0 6
+4 0 6
jump=6 -88 0 
* 0 
+2 0 1
+1 0 1
+1 0 1

fn=(400) inversemat(float*, int, float*, int)
0x1a62 0 1
+4 0 1
+1 0 1
+3 0 1
+7 0 1
+7 0 1
+6 0 1
+7 0 1
+6 0 1
+9 0 1
+4 0 1
+2 0 1
+6 0 1
+6 0 1
jcnd=1/1 +29 0 
* 0 
+29 0 1
+10 0 1
+7 0 1
-7 0 6
+7 0 6
jcnd=1/6 0x1be4 0 
* 0 
+6 0 6
+10 0 6
+7 0 6
-7 0 72
+7 0 72
jcnd=6/72 0x1bd8 0 
* 0 
+6 0 72
+7 0 72
jcnd=36/72 +95 0 
* 0 
+2 0 36
+6 0 36
+2 0 36
+2 0 36
+2 0 36
+2 0 36
+2 0 36
+6 0 36
+2 0 36
+2 0 36
+8 0 36
+7 0 36
+3 0 36
+4 0 36
+6 0 36
+3 0 36
+6 0 36
+3 0 36
+3 0 36
+3 0 36
+3 0 36
+4 0 36
+3 0 36
+9 0 36
jump=36 0x1bcc 0 
* 0 
+2 0 36
+6 0 36
+3 0 36
+6 0 36
jcnd=30/36 +55 0 
* 0 
+2 0 6
+6 0 6
+3 0 6
+6 0 6
+3 0 6
+3 0 6
+3 0 6
+3 0 6
+4 0 6
+3 0 6
+8 0 6
+9 0 6
jump=6 +49 0 
* 0 
+2 0 30
+6 0 30
+3 0 30
+6 0 30
+3 0 30
+3 0 30
+3 0 30
+3 0 30
+4 0 30
+3 0 30
+4 0 30
+9 0 30
+7 0 30
jump=30 0x1ae4 0 
* 0 
-7 0 42
+7 0 42
jump=42 0x1ae4 0 
* 0 
+5 0 6
+7 0 6
jump=6 0x1acd 0 
* 0 
+5 0 1
+10 0 1
+7 0 1
-7 0 6
+7 0 6
jcnd=1/6 0x1eda 0 
* 0 
+6 0 6
+10 0 6
+7 0 6
-7 0 36
+7 0 36
jcnd=6/36 0x1ece 0 
* 0 
+6 0 36
+6 0 36
+6 0 36
jcnd=6/36 0x1ec2 0 
* 0 
+6 0 30
+6 0 30
+3 0 30
+3 0 30
+3 0 30
+3 0 30
+4 0 30
+3 0 30
+4 0 30
+3 0 30
+6 0 30
+4 0 30
+4 0 30
+3 0 30
+6 0 30
+4 0 30
+3 0 30
jcnd=30/30 0x1db1 0 
* 0 
0x1db1 0 30
+6 0 30
+3 0 30
+6 0 30
+3 0 30
+3 0 30
+3 0 30
+3 0 30
+4 0 30
+3 0 30
+9 0 30
+6 0 30
+3 0 30
+3 0 30
+3 0 30
+3 0 30
+4 0 30
+3 0 30
+4 0 30
+3 0 30
+6 0 30
+4 0 30
+4 0 30
+8 0 30
+10 0 30
+7 0 30
-7 0 360
+7 0 360
jcnd=30/360 0x1ec2 0 
* 0 
+6 0 360
+6 0 360
+3 0 360
+6 0 360
+3 0 360
+3 0 360
+3 0 360
+3 0 360
+4 0 360
+3 0 360
+9 0 360
+6 0 360
+3 0 360
+6 0 360
+3 0 360
+3 0 360
+3 0 360
+3 0 360
+4 0 360
+3 0 360
+9 0 360
+8 0 360
+4 0 360
+6 0 360
+3 0 360
+6 0 360
+3 0 360
+3 0 360
+3 0 360
+3 0 360
+4 0 360
+3 0 360
+9 0 360
+7 0 360
jump=360 0x1e1c 0 
* 0 
+5 0 36
+7 0 36
jump=36 0x1c05 0 
* 0 
+5 0 6
+7 0 6
jump=6 0x1bee 0 
* 0 
+5 0 1
+10 0 1
+7 0 1
-7 0 6
+7 0 6
jcnd=1/6 0x1fa9 0 
* 0 
+6 0 6
+6 0 6
+3 0 6
+3 0 6
+3 0 6
+3 0 6
+4 0 6
+3 0 6
+4 0 6
+3 0 6
+6 0 6
+4 0 6
+8 0 6
+10 0 6
+7 0 6
-7 0 72
+7 0 72
jcnd=6/72 0x1f9d 0 
* 0 
+2 0 72
+6 0 72
+3 0 72
+6 0 72
+3 0 72
+3 0 72
+3 0 72
+3 0 72
+4 0 72
+3 0 72
+9 0 72
+8 0 72
+6 0 72
+3 0 72
+6 0 72
+3 0 72
+3 0 72
+3 0 72
+3 0 72
+4 0 72
+3 0 72
+9 0 72
+7 0 72
jump=72 0x1f2d 0 
* 0 
+2 0 6
+7 0 6
jump=6 0x1ee4 0 
* 0 
+5 0 1
+10 0 1
+7 0 1
-7 0 6
+7 0 6
jcnd=1/6 0x2047 0 
* 0 
+6 0 6
+10 0 6
+7 0 6
-7 0 36
+7 0 36
jcnd=6/36 0x203b 0 
* 0 
+2 0 36
+6 0 36
+3 0 36
+6 0 36
+2 0 36
+2 0 36
+2 0 36
+2 0 36
+2 0 36
+6 0 36
+2 0 36
+2 0 36
+8 0 36
+7 0 36
+4 0 36
+3 0 36
+6 0 36
+3 0 36
+3 0 36
+3 0 36
+3 0 36
+4 0 36
+3 0 36
+9 0 36
+4 0 36
+7 0 36
jump=36 0x1fca 0 
* 0 
+2 0 6
+7 0 6
jump=6 0x1fb3 0 
* 0 
+5 0 1
+1 0 1
+4 0 1
+9 0 1
jcnd=1/1 +7 0 
* 0 
+7 0 1
+1 0 1

fn=(406) submats(float*, int, int, float*, int, int, float*, int, int)
0x1964 0 1
+4 0 1
+1 0 1
+3 0 1
+4 0 1
+4 0 1
+3 0 1
+3 0 1
+4 0 1
+4 0 1
+4 0 1
+3 0 1
+3 0 1
+2 0 1
+3 0 1
+3 0 1
+2 0 1
+3 0 1
+3 0 1
+2 0 1
+3 0 1
+3 0 1
jcnd=1/1 +29 0 
* 0 
+29 0 1
+7 0 1
+3 0 1
+3 0 1
-6 0 12
+3 0 12
+3 0 12
jcnd=1/12 0x1a5f 0 
* 0 
+6 0 12
+7 0 12
+3 0 12
+3 0 12
-6 0 144
+3 0 144
+3 0 144
jcnd=12/144 0x1a56 0 
* 0 
+2 0 144
+3 0 144
+4 0 144
+2 0 144
+3 0 144
+2 0 144
+2 0 144
+8 0 144
+4 0 144
+3 0 144
+4 0 144
+3 0 144
+4 0 144
+2 0 144
+3 0 144
+2 0 144
+2 0 144
+8 0 144
+4 0 144
+3 0 144
+4 0 144
+3 0 144
+4 0 144
+2 0 144
+3 0 144
+2 0 144
+2 0 144
+8 0 144
+4 0 144
+3 0 144
+4 0 144
+4 0 144
+4 0 144
jump=144 0x19db 0 
* 0 
+2 0 12
+4 0 12
jump=12 0x19c8 0 
* 0 
+5 0 1
+1 0 1
+1 0 1

fn=(388)
0x1598 0 2
+4 0 2
+1 0 2
+3 0 2
+4 0 2
+4 0 2
+3 0 2
+3 0 2
+4 0 2
+4 0 2
+4 0 2
+3 0 2
+3 0 2
+2 0 2
+3 0 2
+3 0 2
+2 0 2
+3 0 2
+3 0 2
jcnd=2/2 +29 0 
* 0 
+29 0 2
+7 0 2
+3 0 2
+3 0 2
-6 0 24
+3 0 24
+3 0 24
jcnd=2/24 0x16fc 0 
* 0 
+6 0 24
+7 0 24
+3 0 24
+3 0 24
-6 0 216
+3 0 216
+3 0 216
jcnd=24/216 0x16f3 0 
* 0 
+6 0 216
+3 0 216
+4 0 216
+2 0 216
+3 0 216
+2 0 216
+2 0 216
+8 0 216
+4 0 216
+3 0 216
+4 0 216
+4 0 216
+7 0 216
+3 0 216
+3 0 216
-6 0 2592
+3 0 2592
+3 0 2592
jcnd=216/2592 0x16ea 0 
* 0 
+6 0 2592
+3 0 2592
+4 0 2592
+2 0 2592
+3 0 2592
+2 0 2592
+2 0 2592
+8 0 2592
+4 0 2592
+3 0 2592
+4 0 2592
+3 0 2592
+4 0 2592
+2 0 2592
+3 0 2592
+2 0 2592
+2 0 2592
+8 0 2592
+4 0 2592
+3 0 2592
+4 0 2592
+3 0 2592
+4 0 2592
+2 0 2592
+3 0 2592
+2 0 2592
+2 0 2592
+8 0 2592
+4 0 2592
+3 0 2592
+4 0 2592
+4 0 2592
+3 0 2592
+4 0 2592
+2 0 2592
+3 0 2592
+2 0 2592
+2 0 2592
+8 0 2592
+4 0 2592
+3 0 2592
+4 0 2592
+4 0 2592
+4 0 2592
jump=2592 0x1641 0 
* 0 
+5 0 216
+4 0 216
jump=216 0x1607 0 
* 0 
+5 0 24
+4 0 24
jump=24 0x15f4 0 
* 0 
+5 0 2
+1 0 2
+1 0 2

fn=(376)
0x26b5 0 1
+4 0 1
+1 0 1
+3 0 1
+7 0 1
+9 0 1
+4 0 1
+2 0 1
+11 0 1
+11 0 1
+11 0 1
+11 0 1
+11 0 1
+11 0 1
+4 0 1
+8 0 1
+4 0 1
+8 0 1
+4 0 1
+8 0 1
+4 0 1
+8 0 1
+4 0 1
+8 0 1
+4 0 1
+8 0 1
+7 0 1
+5 0 1
+5 0 1
+3 0 1
jump=1 * 0 
* 0 
* 0 72
jcnd=71/72 * 0 
* 0 
+3 0 1
+8 0 1
+8 0 1
+8 0 1
+8 0 1
+8 0 1
+8 0 1
+8 0 1
+8 0 1
+8 0 1
+8 0 1
+8 0 1
+8 0 1
+8 0 1
+8 0 1
+8 0 1
+8 0 1
+8 0 1
+8 0 1
+8 0 1
+8 0 1
+8 0 1
+8 0 1
+8 0 1
+8 0 1
+8 0 1
+8 0 1
+8 0 1
+8 0 1
+8 0 1
+8 0 1
+8 0 1
+8 0 1
+8 0 1
+8 0 1
+8 0 1
+8 0 1
+7 0 1
+5 0 1
+5 0 1
+3 0 1
jump=1 * 0 
* 0 
* 0 72
jcnd=71/72 * 0 
* 0 
+3 0 1
+8 0 1
+8 0 1
+8 0 1
+8 0 1
+8 0 1
+8 0 1
+8 0 1
+8 0 1
+8 0 1
+8 0 1
+8 0 1
+8 0 1
+8 0 1
+8 0 1
+8 0 1
+8 0 1
+8 0 1
+8 0 1
+8 0 1
+8 0 1
+8 0 1
+8 0 1
+8 0 1
+8 0 1
+8 0 1
+8 0 1
+8 0 1
+8 0 1
+8 0 1
+8 0 1
+8 0 1
+8 0 1
+8 0 1
+8 0 1
+8 0 1
+8 0 1
+8 0 1
+8 0 1
+8 0 1
+8 0 1
+8 0 1
+8 0 1
+8 0 1
+8 0 1
+8 0 1
+8 0 1
+8 0 1
+8 0 1
+7 0 1
+7 0 1
+5 0 1
+3 0 1
+3 0 1
jump=1 * 0 
* 0 
* 0 72
jcnd=71/72 * 0 
* 0 
+3 0 1
+7 0 1
+5 0 1
+5 0 1
+3 0 1
jump=1 * 0 
* 0 
* 0 36
jcnd=35/36 * 0 
* 0 
+3 0 1
+7 0 1
+5 0 1
+5 0 1
+3 0 1
jump=1 * 0 
* 0 
* 0 18
jcnd=17/18 * 0 
* 0 
+3 0 1
+8 0 1
+8 0 1
+8 0 1
+8 0 1
+8 0 1
+8 0 1
+8 0 1
+8 0 1
+8 0 1
+8 0 1
+8 0 1
+8 0 1
+7 0 1
+5 0 1
+5 0 1
+3 0 1
jump=1 * 0 
* 0 
* 0 36
jcnd=35/36 * 0 
* 0 
+3 0 1
+8 0 1
+8 0 1
+8 0 1
+8 0 1
+8 0 1
+8 0 1
+8 0 1
+8 0 1
+8 0 1
+8 0 1
+8 0 1
+8 0 1
+7 0 1
+7 0 1
+7 0 1
+7 0 1
+7 0 1
+7 0 1
+4 0 1
+7 0 1
+1 0 1
+7 0 1
+1 0 1
+7 0 1
+1 0 1
+7 0 1
+1 0 1
+7 0 1
+1 0 1
+3 0 1
cfn=(378)
calls=1 0x2601 0 
* 0 427448
+5 0 1
+4 0 1
+5 0 1
+4 0 1
+9 0 1
jcnd=1/1 +7 0 
* 0 
+7 0 1
+1 0 1

fn=(382)
0x1308 0 4
+4 0 4
+1 0 4
+3 0 4
+4 0 4
+4 0 4
+3 0 4
+4 0 4
+3 0 4
+4 0 4
+4 0 4
+3 0 4
+3 0 4
jcnd=4/4 +29 0 
* 0 
+29 0 4
+3 0 4
+3 0 4
jcnd=4/4 +29 0 
* 0 
+29 0 4
+7 0 4
+3 0 4
+3 0 4
-6 0 42
+3 0 42
+3 0 42
jcnd=4/42 0x1433 0 
* 0 
+6 0 42
+3 0 42
+2 0 42
+8 0 42
+4 0 42
+3 0 42
+4 0 42
+4 0 42
+7 0 42
+3 0 42
+3 0 42
-6 0 360
+3 0 360
+3 0 360
jcnd=42/360 0x142a 0 
* 0 
+2 0 360
+3 0 360
+2 0 360
+8 0 360
+4 0 360
+3 0 360
+4 0 360
+3 0 360
+4 0 360
+2 0 360
+3 0 360
+2 0 360
+2 0 360
+8 0 360
+4 0 360
+3 0 360
+4 0 360
+3 0 360
+2 0 360
+8 0 360
+4 0 360
+3 0 360
+4 0 360
+4 0 360
+3 0 360
+2 0 360
+8 0 360
+4 0 360
+3 0 360
+4 0 360
+4 0 360
+4 0 360
jump=360 0x13a6 0 
* 0 
+5 0 42
+4 0 42
jump=42 0x1377 0 
* 0 
+5 0 4
+1 0 4
+1 0 4

fn=(384)
0x1436 0 2
+4 0 2
+1 0 2
+3 0 2
+4 0 2
+4 0 2
+3 0 2
+4 0 2
+3 0 2
+4 0 2
+4 0 2
+3 0 2
+3 0 2
+2 0 2
+3 0 2
+3 0 2
jcnd=2/2 +29 0 
* 0 
+29 0 2
+7 0 2
+3 0 2
+3 0 2
-6 0 24
+3 0 24
+3 0 24
jcnd=2/24 +84 0 
* 0 
+2 0 24
+3 0 24
+2 0 24
+8 0 24
+4 0 24
+3 0 24
+4 0 24
+3 0 24
+2 0 24
+8 0 24
+4 0 24
+3 0 24
+4 0 24
+3 0 24
+2 0 24
+8 0 24
+4 0 24
+3 0 24
+4 0 24
+4 0 24
+4 0 24
jump=24 -88 0 
* 0 
+2 0 2
+1 0 2
+1 0 2

fn=(398)
0x22e1 0 1
+4 0 1
+1 0 1
+3 0 1
+7 0 1
+7 0 1
+7 0 1
+7 0 1
+7 0 1
+9 0 1
+4 0 1
+2 0 1
+7 0 1
+7 0 1
+4 0 1
+2 0 1
+2 0 1
+6 0 1
+6 0 1
+6 0 1
+3 0 1
+5 0 1
+5 0 1
+3 0 1
cfn=(388)
calls=1 0x1598 0 
* 0 42182
+5 0 1
+4 0 1
+7 0 1
+7 0 1
+4 0 1
+2 0 1
+2 0 1
+7 0 1
+1 0 1
+6 0 1
+6 0 1
+3 0 1
+5 0 1
+5 0 1
+3 0 1
cfn=(390)
calls=1 0x16ff 0 
* 0 21104
+5 0 1
+4 0 1
+7 0 1
+7 0 1
+4 0 1
+2 0 1
+2 0 1
+7 0 1
+1 0 1
+6 0 1
+6 0 1
+3 0 1
+5 0 1
+5 0 1
+3 0 1
cfn=(392)
calls=1 0x1866 0 
* 0 1379
+5 0 1
+4 0 1
+7 0 1
+7 0 1
+5 0 1
+5 0 1
+3 0 1
cfn=(400)
calls=1 0x1a62 0 
* 0 19424
+5 0 1
+7 0 1
+7 0 1
+4 0 1
+2 0 1
+2 0 1
+7 0 1
+1 0 1
+6 0 1
+6 0 1
+3 0 1
+5 0 1
+5 0 1
+3 0 1
cfn=(390)
calls=1 0x16ff 0 
* 0 21878
+5 0 1
+4 0 1
+1 0 1
+4 0 1
+9 0 1
jcnd=1/1 +7 0 
* 0 
+7 0 1
+1 0 1

fn=(390)
0x16ff 0 5
+4 0 5
+1 0 5
+3 0 5
+4 0 5
+4 0 5
+3 0 5
+3 0 5
+4 0 5
+4 0 5
+4 0 5
+3 0 5
+3 0 5
+2 0 5
+3 0 5
+3 0 5
+2 0 5
+3 0 5
+3 0 5
jcnd=5/5 +29 0 
* 0 
+29 0 5
+7 0 5
+3 0 5
+3 0 5
-6 0 54
+3 0 54
+3 0 54
jcnd=5/54 0x1863 0 
* 0 
+6 0 54
+7 0 54
+3 0 54
+3 0 54
-6 0 540
+3 0 540
+3 0 540
jcnd=54/540 0x185a 0 
* 0 
+6 0 540
+3 0 540
+4 0 540
+2 0 540
+3 0 540
+2 0 540
+2 0 540
+8 0 540
+4 0 540
+3 0 540
+4 0 540
+4 0 540
+7 0 540
+3 0 540
+3 0 540
-6 0 5184
+3 0 5184
+3 0 5184
jcnd=540/5184 0x1851 0 
* 0 
+6 0 5184
+3 0 5184
+4 0 5184
+2 0 5184
+3 0 5184
+2 0 5184
+2 0 5184
+8 0 5184
+4 0 5184
+3 0 5184
+4 0 5184
+3 0 5184
+4 0 5184
+2 0 5184
+3 0 5184
+2 0 5184
+2 0 5184
+8 0 5184
+4 0 5184
+3 0 5184
+4 0 5184
+3 0 5184
+4 0 5184
+2 0 5184
+3 0 5184
+2 0 5184
+2 0 5184
+8 0 5184
+4 0 5184
+3 0 5184
+4 0 5184
+4 0 5184
+3 0 5184
+4 0 5184
+2 0 5184
+3 0 5184
+2 0 5184
+2 0 5184
+8 0 5184
+4 0 5184
+3 0 5184
+4 0 5184
+4 0 5184
+4 0 5184
jump=5184 0x17a8 0 
* 0 
+5 0 540
+4 0 540
jump=540 0x176e 0 
* 0 
+5 0 54
+4 0 54
jump=54 0x175b 0 
* 0 
+5 0 5
+1 0 5
+1 0 5

fn=(404)
0x24f2 0 1
+4 0 1
+1 0 1
+3 0 1
+7 0 1
+7 0 1
+7 0 1
+7 0 1
+9 0 1
+4 0 1
+2 0 1
+7 0 1
+7 0 1
+4 0 1
+2 0 1
+2 0 1
+6 0 1
+6 0 1
+6 0 1
+3 0 1
+5 0 1
+5 0 1
+3 0 1
cfn=(390)
calls=1 0x16ff 0 
* 0 43622
+5 0 1
+4 0 1
+7 0 1
+7 0 1
+4 0 1
+2 0 1
+2 0 1
+6 0 1
+6 0 1
+6 0 1
+3 0 1
+5 0 1
+5 0 1
+3 0 1
cfn=(390)
calls=1 0x16ff 0 
* 0 84230
+5 0 1
+4 0 1
+7 0 1
+7 0 1
+4 0 1
+2 0 1
+2 0 1
+7 0 1
+1 0 1
+6 0 1
+6 0 1
+3 0 1
+5 0 1
+5 0 1
+3 0 1
cfn=(406)
calls=1 0x1964 0 
* 0 5321
+5 0 1
+4 0 1
+1 0 1
+4 0 1
+9 0 1
jcnd=1/1 +7 0 
* 0 
+7 0 1
+1 0 1

totals: 427944
